D4ZHLFP1.10.15302.5471.1	gi|209427726|ref|NC_011356.1|	100.0	71	0	0	1	71	727	657	9.4e-31	132.2
D4ZHLFP1.10.10418.6647.1	gi|155370093|ref|NC_007804.2|	100.0	66	0	0	2	67	2255	2320	5.3e-28	123.0
D4ZHLFP1.10.1176.7044.1	gi|46401626|ref|NC_005856.1|	100.0	56	0	0	1	56	766	821	1.6e-22	104.5
D4ZHLFP1.10.15132.8445.1	gi|9626243|ref|NC_001416.1|	100.0	70	0	0	1	70	4070	4001	3.3e-30	130.4
D4ZHLFP1.10.11616.10553.1	gi|46401626|ref|NC_005856.1|	100.0	66	0	0	2	67	861	926	5.3e-28	123.0
D4ZHLFP1.10.10857.11837.1	gi|41057278|ref|NC_005344.1|	100.0	78	0	0	1	78	5835	5758	1.3e-34	145.2
D4ZHLFP1.10.15281.14090.1	gi|148609382|ref|NC_009514.1|	100.0	61	0	0	1	61	5423	5363	2.9e-25	113.8
D4ZHLFP1.10.10801.14969.1	gi|148609382|ref|NC_009514.1|	100.0	78	0	0	1	78	600	523	1.3e-34	145.2
D4ZHLFP1.10.19129.24093.1	gi|155370093|ref|NC_007804.2|	100.0	70	0	0	1	70	3862	3793	3.3e-30	130.4
D4ZHLFP1.10.2469.24706.1	gi|155370093|ref|NC_007804.2|	100.0	67	0	0	1	67	5007	4941	1.5e-28	124.8
D4ZHLFP1.10.5907.26669.1	gi|9626243|ref|NC_001416.1|	100.0	68	0	0	1	68	4362	4295	4.2e-29	126.7
D4ZHLFP1.10.13830.27325.1	gi|9626243|ref|NC_001416.1|	100.0	68	0	0	1	68	4322	4255	4.2e-29	126.7
D4ZHLFP1.10.10794.33231.1	gi|9626243|ref|NC_001416.1|	100.0	62	0	0	1	62	5925	5864	8.2e-26	115.6
D4ZHLFP1.10.17518.33838.1	gi|9627507|ref|NC_001609.1|	100.0	71	0	0	1	71	2582	2512	9.4e-31	132.2
D4ZHLFP1.10.8490.36176.1	gi|209447126|ref|NC_011357.1|	100.0	64	0	0	3	66	1368	1305	6.8e-27	119.3
D4ZHLFP1.10.11360.36336.1	gi|9627507|ref|NC_001609.1|	100.0	78	0	0	1	78	2583	2506	1.3e-34	145.2
D4ZHLFP1.10.14515.53708.1	gi|9626243|ref|NC_001416.1|	100.0	71	0	0	1	71	6918	6848	9.4e-31	132.2
D4ZHLFP1.10.9190.56215.1	gi|148609382|ref|NC_009514.1|	100.0	60	0	0	1	60	5153	5094	1e-24	111.9
D4ZHLFP1.10.12368.58688.1	gi|19548987|ref|NC_003444.1|	100.0	62	0	0	1	62	2131	2070	8.2e-26	115.6
D4ZHLFP1.10.2784.63459.1	gi|19548987|ref|NC_003444.1|	100.0	70	0	0	4	73	1689	1620	3.5e-30	130.4
D4ZHLFP1.10.10066.64166.1	gi|19548987|ref|NC_003444.1|	100.0	75	0	0	1	75	1124	1050	5.9e-33	139.6
D4ZHLFP1.10.6025.65602.1	gi|148609382|ref|NC_009514.1|	100.0	66	0	0	1	66	5656	5721	5.3e-28	123.0
D4ZHLFP1.10.1859.67578.1	gi|9626243|ref|NC_001416.1|	100.0	67	0	0	1	67	1551	1485	1.5e-28	124.8
D4ZHLFP1.10.2802.68685.1	gi|148609382|ref|NC_009514.1|	100.0	64	0	0	1	64	5435	5498	6.6e-27	119.3
D4ZHLFP1.10.5015.69864.1	gi|9634119|ref|NC_002166.1|	100.0	60	0	0	1	60	4968	4909	1e-24	111.9
D4ZHLFP1.10.16949.72296.1	gi|19548987|ref|NC_003444.1|	100.0	51	0	0	2	52	2004	2054	9e-20	95.3
D4ZHLFP1.10.3164.74789.1	gi|19548987|ref|NC_003444.1|	100.0	65	0	0	1	65	1209	1145	1.9e-27	121.2
D4ZHLFP1.10.16707.75713.1	gi|9626243|ref|NC_001416.1|	100.0	69	0	0	1	69	728	796	1.2e-29	128.5
D4ZHLFP1.10.2309.78816.1	gi|148609382|ref|NC_009514.1|	100.0	78	0	0	2	79	4379	4302	1.3e-34	145.2
D4ZHLFP1.10.15577.81445.1	gi|9626243|ref|NC_001416.1|	100.0	67	0	0	1	67	4888	4954	1.5e-28	124.8
D4ZHLFP1.10.6800.83468.1	gi|9627507|ref|NC_001609.1|	100.0	67	0	0	4	70	6375	6441	1.5e-28	124.8
D4ZHLFP1.10.7766.83569.1	gi|13559823|ref|NC_002730.1|	100.0	61	0	0	1	61	2946	2886	3.1e-25	113.8
D4ZHLFP1.10.19110.84138.1	gi|148609382|ref|NC_009514.1|	100.0	59	0	0	1	59	7021	7079	3.8e-24	110.1
D4ZHLFP1.10.20575.85693.1	gi|116221992|ref|NC_008464.1|	100.0	70	0	0	1	70	1990	2059	3.3e-30	130.4
D4ZHLFP1.10.17822.88510.1	gi|9634119|ref|NC_002166.1|	100.0	63	0	0	2	64	2783	2721	2.5e-26	117.5
D4ZHLFP1.10.20838.90317.1	gi|9626243|ref|NC_001416.1|	100.0	51	0	0	1	51	4942	4892	8.8e-20	95.3
D4ZHLFP1.10.13812.96813.1	gi|155370093|ref|NC_007804.2|	100.0	75	0	0	1	75	4663	4589	5.9e-33	139.6
D4ZHLFP1.10.7285.102411.1	gi|148609382|ref|NC_009514.1|	100.0	74	0	0	1	74	1571	1644	2.1e-32	137.8
D4ZHLFP1.10.18961.109160.1	gi|31044225|ref|NC_004813.1|	100.0	67	0	0	1	67	2144	2078	1.5e-28	124.8
D4ZHLFP1.10.19197.116557.1	gi|9626243|ref|NC_001416.1|	100.0	71	0	0	1	71	6816	6746	9.4e-31	132.2
D4ZHLFP1.10.5919.119685.1	gi|9626243|ref|NC_001416.1|	100.0	63	0	0	1	63	5642	5580	2.3e-26	117.5
D4ZHLFP1.10.20668.120729.1	gi|148609382|ref|NC_009514.1|	100.0	70	0	0	1	70	832	763	3.3e-30	130.4
D4ZHLFP1.10.7220.122213.1	gi|155370093|ref|NC_007804.2|	100.0	75	0	0	1	75	7179	7105	5.9e-33	139.6
D4ZHLFP1.10.11330.127476.1	gi|12084824|ref|NC_002641.1|	100.0	63	0	0	7	69	2355	2293	2.6e-26	117.5
D4ZHLFP1.10.18512.128095.1	gi|209447126|ref|NC_011357.1|	100.0	72	0	0	1	72	1191	1262	2.6e-31	134.1
D4ZHLFP1.10.7402.129504.1	gi|9633396|ref|NC_000902.1|	100.0	61	0	0	1	61	7009	7069	2.9e-25	113.8
D4ZHLFP1.10.8133.129939.1	gi|9626243|ref|NC_001416.1|	100.0	71	0	0	1	71	5927	5997	9.4e-31	132.2
D4ZHLFP1.10.3439.130446.1	gi|148609382|ref|NC_009514.1|	100.0	70	0	0	1	70	2659	2728	3.4e-30	130.4
D4ZHLFP1.10.2755.132659.1	gi|9634155|ref|NC_002167.1|	100.0	74	0	0	1	74	1084	1157	2.1e-32	137.8
D4ZHLFP1.10.14075.133678.1	gi|9634119|ref|NC_002166.1|	100.0	71	0	0	1	71	2464	2394	9.4e-31	132.2
D4ZHLFP1.10.19338.134271.1	gi|46401626|ref|NC_005856.1|	100.0	69	0	0	1	69	639	707	1.2e-29	128.5
D4ZHLFP1.10.15017.135606.1	gi|9634119|ref|NC_002166.1|	100.0	75	0	0	1	75	2879	2805	5.9e-33	139.6
D4ZHLFP1.10.18872.136943.1	gi|148609382|ref|NC_009514.1|	100.0	66	0	0	1	66	2342	2277	5.2e-28	123.0
D4ZHLFP1.10.17788.141389.1	gi|41057278|ref|NC_005344.1|	100.0	55	0	0	2	56	4148	4202	5.8e-22	102.7
D4ZHLFP1.10.16367.142440.1	gi|9626243|ref|NC_001416.1|	100.0	61	0	0	1	61	5682	5742	3e-25	113.8
D4ZHLFP1.10.10213.143911.1	gi|9634119|ref|NC_002166.1|	100.0	75	0	0	1	75	2879	2805	5.9e-33	139.6
D4ZHLFP1.10.13656.144306.1	gi|155370093|ref|NC_007804.2|	100.0	64	0	0	1	64	3439	3502	6.6e-27	119.3
D4ZHLFP1.10.5336.144758.1	gi|9634119|ref|NC_002166.1|	100.0	59	0	0	1	59	2280	2222	3.7e-24	110.1
D4ZHLFP1.10.12932.145021.1	gi|9626243|ref|NC_001416.1|	100.0	59	0	0	1	59	1276	1218	3.7e-24	110.1
D4ZHLFP1.10.8225.148180.1	gi|155370093|ref|NC_007804.2|	100.0	74	0	0	2	75	4529	4602	2.2e-32	137.8
D4ZHLFP1.10.4123.148470.1	gi|148609382|ref|NC_009514.1|	100.0	57	0	0	2	58	5381	5437	4.6e-23	106.4
D4ZHLFP1.10.12599.151728.1	gi|221328618|ref|NC_011976.1|	100.0	81	0	0	1	81	1001	1081	3e-36	150.7
D4ZHLFP1.10.14602.156452.1	gi|209447126|ref|NC_011357.1|	100.0	71	0	0	1	71	1356	1426	9.4e-31	132.2
D4ZHLFP1.10.12653.160179.1	gi|148609382|ref|NC_009514.1|	100.0	73	0	0	1	73	5525	5597	7.5e-32	135.9
D4ZHLFP1.10.9937.160260.1	gi|148609382|ref|NC_009514.1|	100.0	65	0	0	1	65	4860	4796	1.9e-27	121.2
D4ZHLFP1.10.4644.161953.1	gi|148609382|ref|NC_009514.1|	100.0	78	0	0	1	78	1353	1276	1.3e-34	145.2
D4ZHLFP1.10.20994.163506.1	gi|155370093|ref|NC_007804.2|	100.0	71	0	0	1	71	4450	4520	9.4e-31	132.2
D4ZHLFP1.10.2965.165460.1	gi|9626243|ref|NC_001416.1|	100.0	75	0	0	1	75	4793	4719	5.9e-33	139.6
D4ZHLFP1.10.11091.165838.1	gi|155370093|ref|NC_007804.2|	100.0	62	0	0	2	63	7383	7322	8.4e-26	115.6
D4ZHLFP1.10.10110.170997.1	gi|9634119|ref|NC_002166.1|	100.0	69	0	0	1	69	2170	2102	1.2e-29	128.5
D4ZHLFP1.10.12730.172640.1	gi|9626243|ref|NC_001416.1|	100.0	72	0	0	1	72	7227	7156	2.6e-31	134.1
D4ZHLFP1.10.14258.173158.1	gi|148609382|ref|NC_009514.1|	100.0	66	0	0	1	66	6103	6168	5.2e-28	123.0
D4ZHLFP1.10.10362.174146.1	gi|155370093|ref|NC_007804.2|	100.0	62	0	0	1	62	3275	3336	8.2e-26	115.6
D4ZHLFP1.10.17146.177419.1	gi|155370093|ref|NC_007804.2|	100.0	69	0	0	4	72	6830	6762	1.2e-29	128.5
D4ZHLFP1.10.2271.178110.1	gi|9626243|ref|NC_001416.1|	100.0	59	0	0	2	60	1715	1657	3.7e-24	110.1
D4ZHLFP1.10.16922.183391.1	gi|200003956|ref|NC_011222.1|	100.0	70	0	0	1	70	5951	6020	3.3e-30	130.4
D4ZHLFP1.10.14867.183822.1	gi|148609382|ref|NC_009514.1|	100.0	79	0	0	1	79	5142	5064	3.7e-35	147.0
D4ZHLFP1.10.20178.190062.1	gi|148609382|ref|NC_009514.1|	100.0	77	0	0	1	77	2617	2693	4.7e-34	143.3
D4ZHLFP1.10.4805.191155.1	gi|148609382|ref|NC_009514.1|	100.0	69	0	0	2	70	898	966	1.2e-29	128.5
D4ZHLFP1.10.19777.191203.1	gi|148609382|ref|NC_009514.1|	100.0	85	0	0	1	85	6441	6357	1.9e-38	158.1
D4ZHLFP1.10.3528.193274.1	gi|9626243|ref|NC_001416.1|	100.0	61	0	0	1	61	6433	6373	2.9e-25	113.8
D4ZHLFP1.10.13175.194734.1	gi|9634155|ref|NC_002167.1|	100.0	75	0	0	1	75	1605	1531	5.9e-33	139.6
D4ZHLFP1.10.14785.194762.1	gi|209427726|ref|NC_011356.1|	100.0	51	0	0	1	51	5669	5719	9e-20	95.3
D4ZHLFP1.10.12093.196861.1	gi|255252682|ref|NC_013059.1|	100.0	56	0	0	1	56	7334	7389	1.6e-22	104.5
D4ZHLFP1.10.17159.200221.1	gi|148609382|ref|NC_009514.1|	100.0	69	0	0	1	69	3340	3272	1.2e-29	128.5
D4ZHLFP1.10.20331.3730.1	gi|19548987|ref|NC_003444.1|	100.0	74	0	0	1	74	2398	2325	2.1e-32	137.8
D4ZHLFP1.10.14152.5261.1	gi|148609382|ref|NC_009514.1|	100.0	74	0	0	1	74	2124	2197	2.1e-32	137.8
D4ZHLFP1.10.19332.6649.1	gi|221328618|ref|NC_011976.1|	100.0	62	0	0	1	62	1033	1094	8.2e-26	115.6
D4ZHLFP1.10.12976.12686.1	gi|148609382|ref|NC_009514.1|	100.0	76	0	0	1	76	5512	5587	1.7e-33	141.5
D4ZHLFP1.10.11757.13633.1	gi|19548987|ref|NC_003444.1|	100.0	77	0	0	1	77	5762	5686	4.7e-34	143.3
D4ZHLFP1.10.6238.18873.1	gi|209447126|ref|NC_011357.1|	100.0	75	0	0	1	75	199	273	6.1e-33	139.6
D4ZHLFP1.10.2270.21986.1	gi|9630464|ref|NC_001901.1|	100.0	64	0	0	4	67	2913	2976	6.9e-27	119.3
D4ZHLFP1.10.15244.21885.1	gi|148609382|ref|NC_009514.1|	100.0	72	0	0	1	72	3761	3690	2.6e-31	134.1
D4ZHLFP1.10.16016.24374.1	gi|9626243|ref|NC_001416.1|	100.0	55	0	0	1	55	4636	4582	5.7e-22	102.7
D4ZHLFP1.10.1273.24617.1	gi|155370093|ref|NC_007804.2|	100.0	65	0	0	2	66	4391	4455	1.9e-27	121.2
D4ZHLFP1.10.14505.28695.1	gi|155370093|ref|NC_007804.2|	100.0	52	0	0	31	82	4845	4794	4e-20	97.1
D4ZHLFP1.10.10805.32268.1	gi|155370093|ref|NC_007804.2|	100.0	76	0	0	1	76	5644	5719	1.7e-33	141.5
D4ZHLFP1.10.14510.32495.1	gi|148609382|ref|NC_009514.1|	100.0	80	0	0	1	80	2347	2426	1e-35	148.9
D4ZHLFP1.10.18026.36893.1	gi|19548987|ref|NC_003444.1|	100.0	72	0	0	1	72	5287	5216	2.6e-31	134.1
D4ZHLFP1.10.12194.37496.1	gi|9634119|ref|NC_002166.1|	100.0	56	0	0	1	56	2213	2158	1.6e-22	104.5
D4ZHLFP1.10.8961.39955.1	gi|209447126|ref|NC_011357.1|	100.0	59	0	0	1	59	1753	1695	3.7e-24	110.1
D4ZHLFP1.10.9445.40606.1	gi|148609382|ref|NC_009514.1|	100.0	64	0	0	1	64	1455	1392	6.6e-27	119.3
D4ZHLFP1.10.8707.56808.1	gi|148609382|ref|NC_009514.1|	100.0	56	0	0	2	57	6163	6218	1.6e-22	104.5
D4ZHLFP1.10.12978.58610.1	gi|155370093|ref|NC_007804.2|	100.0	59	0	0	1	59	2296	2354	3.7e-24	110.1
D4ZHLFP1.10.5114.59312.1	gi|148609382|ref|NC_009514.1|	100.0	64	0	0	1	64	4486	4423	6.6e-27	119.3
D4ZHLFP1.10.13597.59537.1	gi|9626243|ref|NC_001416.1|	100.0	66	0	0	4	69	5089	5024	5.5e-28	123.0
D4ZHLFP1.10.8872.60742.1	gi|9634119|ref|NC_002166.1|	100.0	52	0	0	1	52	2095	2044	3.2e-20	97.1
D4ZHLFP1.10.7948.64769.1	gi|155370093|ref|NC_007804.2|	100.0	67	0	0	1	67	4458	4392	1.5e-28	124.8
D4ZHLFP1.10.8071.66013.1	gi|155370093|ref|NC_007804.2|	100.0	67	0	0	1	67	338	404	1.5e-28	124.8
D4ZHLFP1.10.19137.66199.1	gi|148609382|ref|NC_009514.1|	100.0	54	0	0	1	54	401	348	2e-21	100.8
D4ZHLFP1.10.19164.74401.1	gi|148609382|ref|NC_009514.1|	100.0	71	0	0	1	71	3869	3939	9.4e-31	132.2
D4ZHLFP1.10.15783.74644.1	gi|148609382|ref|NC_009514.1|	100.0	75	0	0	1	75	1777	1703	5.9e-33	139.6
D4ZHLFP1.10.20931.75210.1	gi|200003956|ref|NC_011222.1|	100.0	53	0	0	4	56	5931	5983	7.6e-21	99.0
D4ZHLFP1.10.6984.78585.1	gi|155370093|ref|NC_007804.2|	100.0	69	0	0	1	69	1227	1159	1.2e-29	128.5
D4ZHLFP1.10.14991.79954.1	gi|155370093|ref|NC_007804.2|	100.0	61	0	0	1	61	4378	4438	3e-25	113.8
D4ZHLFP1.10.20515.80741.1	gi|9626243|ref|NC_001416.1|	100.0	65	0	0	1	65	4195	4259	1.9e-27	121.2
D4ZHLFP1.10.17888.80833.1	gi|9626243|ref|NC_001416.1|	100.0	77	0	0	1	77	2295	2219	4.7e-34	143.3
D4ZHLFP1.10.13107.81144.1	gi|148609382|ref|NC_009514.1|	100.0	72	0	0	1	72	2738	2667	2.6e-31	134.1
D4ZHLFP1.10.2205.83287.1	gi|9626243|ref|NC_001416.1|	100.0	53	0	0	1	53	729	781	7.1e-21	99.0
D4ZHLFP1.10.9072.86583.1	gi|148609382|ref|NC_009514.1|	100.0	63	0	0	1	63	6795	6733	2.4e-26	117.5
D4ZHLFP1.10.5917.91718.1	gi|209447126|ref|NC_011357.1|	100.0	69	0	0	1	69	1508	1576	1.2e-29	128.5
D4ZHLFP1.10.8244.93295.1	gi|46401626|ref|NC_005856.1|	100.0	56	0	0	1	56	851	906	1.6e-22	104.5
D4ZHLFP1.10.21358.98229.1	gi|155370093|ref|NC_007804.2|	100.0	65	0	0	1	65	3620	3556	1.9e-27	121.2
D4ZHLFP1.10.4305.98573.1	gi|148609382|ref|NC_009514.1|	100.0	78	0	0	1	78	6848	6925	1.3e-34	145.2
D4ZHLFP1.10.1766.98928.1	gi|155370093|ref|NC_007804.2|	100.0	71	0	0	4	74	6480	6410	9.8e-31	132.2
D4ZHLFP1.10.16209.99061.1	gi|46358648|ref|NC_005841.1|	100.0	66	0	0	11	76	4766	4701	6e-28	123.0
D4ZHLFP1.10.16908.99590.1	gi|209447126|ref|NC_011357.1|	100.0	58	0	0	1	58	5857	5914	1.3e-23	108.2
D4ZHLFP1.10.3397.100396.1	gi|155370093|ref|NC_007804.2|	100.0	76	0	0	4	79	3049	2974	1.7e-33	141.5
D4ZHLFP1.10.20357.107126.1	gi|9626243|ref|NC_001416.1|	100.0	71	0	0	1	71	6659	6589	9.4e-31	132.2
D4ZHLFP1.10.10241.109177.1	gi|302393080|ref|NC_004914.2|	100.0	63	0	0	1	63	610	672	2.3e-26	117.5
D4ZHLFP1.10.8618.111110.1	gi|19548987|ref|NC_003444.1|	100.0	57	0	0	1	57	257	201	4.6e-23	106.4
D4ZHLFP1.10.12019.111835.1	gi|9632466|ref|NC_000924.1|	100.0	76	0	0	1	76	6298	6373	1.7e-33	141.5
D4ZHLFP1.10.20842.112062.1	gi|46401626|ref|NC_005856.1|	100.0	64	0	0	1	64	1104	1167	6.7e-27	119.3
D4ZHLFP1.10.5044.115458.1	gi|148609382|ref|NC_009514.1|	100.0	69	0	0	1	69	5422	5490	1.2e-29	128.5
D4ZHLFP1.10.13042.118074.1	gi|51874225|ref|NC_001716.2|	100.0	56	0	0	2	57	4294	4239	1.9e-22	104.5
D4ZHLFP1.10.20663.118426.1	gi|155370093|ref|NC_007804.2|	100.0	67	0	0	1	67	1326	1260	1.5e-28	124.8
D4ZHLFP1.10.12721.118602.1	gi|46401626|ref|NC_005856.1|	100.0	76	0	0	1	76	523	598	1.7e-33	141.5
D4ZHLFP1.10.11673.121104.1	gi|155370093|ref|NC_007804.2|	100.0	66	0	0	1	66	3051	2986	5.2e-28	123.0
D4ZHLFP1.10.5589.123522.1	gi|200003956|ref|NC_011222.1|	100.0	74	0	0	1	74	5971	6044	2.1e-32	137.8
D4ZHLFP1.10.13990.123826.1	gi|9634119|ref|NC_002166.1|	100.0	65	0	0	1	65	3036	2972	1.9e-27	121.2
D4ZHLFP1.10.17523.123799.1	gi|155370093|ref|NC_007804.2|	100.0	65	0	0	1	65	4984	5048	1.9e-27	121.2
D4ZHLFP1.10.3243.128904.1	gi|155370093|ref|NC_007804.2|	100.0	67	0	0	2	68	4148	4214	1.5e-28	124.8
D4ZHLFP1.10.14889.129297.1	gi|209427726|ref|NC_011356.1|	100.0	65	0	0	1	65	5291	5355	1.9e-27	121.2
D4ZHLFP1.10.17937.129898.1	gi|9626243|ref|NC_001416.1|	100.0	68	0	0	1	68	3896	3829	4.2e-29	126.7
D4ZHLFP1.10.1737.130139.1	gi|19548987|ref|NC_003444.1|	100.0	67	0	0	2	68	2004	2070	1.5e-28	124.8
D4ZHLFP1.10.18942.130814.1	gi|9634119|ref|NC_002166.1|	100.0	54	0	0	1	54	2988	2935	2e-21	100.8
D4ZHLFP1.10.16821.135779.1	gi|148609382|ref|NC_009514.1|	100.0	68	0	0	1	68	509	442	4.2e-29	126.7
D4ZHLFP1.10.10467.140839.1	gi|148609382|ref|NC_009514.1|	100.0	68	0	0	1	68	569	502	4.2e-29	126.7
D4ZHLFP1.10.11072.141247.1	gi|9634119|ref|NC_002166.1|	100.0	68	0	0	1	68	3039	2972	4.2e-29	126.7
D4ZHLFP1.10.18731.144910.1	gi|9634119|ref|NC_002166.1|	100.0	70	0	0	1	70	2824	2755	3.3e-30	130.4
D4ZHLFP1.10.6723.146473.1	gi|9626243|ref|NC_001416.1|	100.0	66	0	0	1	66	5584	5519	5.2e-28	123.0
D4ZHLFP1.10.12508.153619.1	gi|41057278|ref|NC_005344.1|	100.0	51	0	0	3	53	3361	3311	1.3e-19	95.3
D4ZHLFP1.10.1486.154414.1	gi|148609382|ref|NC_009514.1|	100.0	73	0	0	1	73	4305	4233	7.5e-32	135.9
D4ZHLFP1.10.14876.157120.1	gi|155370093|ref|NC_007804.2|	100.0	80	0	0	1	80	227	148	1e-35	148.9
D4ZHLFP1.10.12589.157678.1	gi|19548987|ref|NC_003444.1|	100.0	55	0	0	1	55	5756	5702	5.7e-22	102.7
D4ZHLFP1.10.18219.161472.1	gi|46401626|ref|NC_005856.1|	100.0	80	0	0	1	80	622	701	1e-35	148.9
D4ZHLFP1.10.9458.161523.1	gi|9626243|ref|NC_001416.1|	100.0	56	0	0	1	56	6724	6779	1.6e-22	104.5
D4ZHLFP1.10.4364.165381.1	gi|221328618|ref|NC_011976.1|	100.0	76	0	0	1	76	1145	1220	1.7e-33	141.5
D4ZHLFP1.10.1147.166656.1	gi|9626243|ref|NC_001416.1|	100.0	57	0	0	1	57	885	829	4.6e-23	106.4
D4ZHLFP1.10.16191.168001.1	gi|46401626|ref|NC_005856.1|	100.0	62	0	0	1	62	766	827	8.2e-26	115.6
D4ZHLFP1.10.16983.168527.1	gi|9634155|ref|NC_002167.1|	100.0	82	0	0	2	83	6073	5992	8.4e-37	152.5
D4ZHLFP1.10.3498.171909.1	gi|209427726|ref|NC_011356.1|	100.0	56	0	0	1	56	5768	5823	1.6e-22	104.5
D4ZHLFP1.10.14400.174002.1	gi|148609382|ref|NC_009514.1|	100.0	73	0	0	1	73	1601	1529	7.5e-32	135.9
D4ZHLFP1.10.9942.174953.1	gi|46401626|ref|NC_005856.1|	100.0	59	0	0	1	59	741	799	3.7e-24	110.1
D4ZHLFP1.10.15610.175486.1	gi|148609382|ref|NC_009514.1|	100.0	68	0	0	1	68	4359	4292	4.2e-29	126.7
D4ZHLFP1.10.11432.176237.1	gi|9627507|ref|NC_001609.1|	100.0	66	0	0	1	66	5859	5924	5.3e-28	123.0
D4ZHLFP1.10.6194.177652.1	gi|148609382|ref|NC_009514.1|	100.0	69	0	0	1	69	3376	3444	1.2e-29	128.5
D4ZHLFP1.10.7348.180635.1	gi|9634119|ref|NC_002166.1|	100.0	79	0	0	2	80	3069	2991	3.8e-35	147.0
D4ZHLFP1.10.11206.181101.1	gi|209447126|ref|NC_011357.1|	100.0	70	0	0	1	70	159	228	3.3e-30	130.4
D4ZHLFP1.10.20776.184109.1	gi|9626243|ref|NC_001416.1|	100.0	59	0	0	14	72	1997	1939	4.5e-24	110.1
D4ZHLFP1.10.19217.184419.1	gi|148609382|ref|NC_009514.1|	100.0	66	0	0	1	66	3761	3696	5.2e-28	123.0
D4ZHLFP1.10.11417.188000.1	gi|9626243|ref|NC_001416.1|	100.0	70	0	0	1	70	4305	4236	3.3e-30	130.4
D4ZHLFP1.10.8950.188565.1	gi|148609382|ref|NC_009514.1|	100.0	68	0	0	1	68	528	461	4.2e-29	126.7
D4ZHLFP1.10.6872.191843.1	gi|9634119|ref|NC_002166.1|	100.0	65	0	0	1	65	3036	2972	1.9e-27	121.2
D4ZHLFP1.10.16086.197065.1	gi|209427726|ref|NC_011356.1|	100.0	70	0	0	1	70	4073	4004	3.3e-30	130.4
D4ZHLFP1.10.7018.3403.1	gi|148609382|ref|NC_009514.1|	100.0	72	0	0	1	72	3323	3252	2.6e-31	134.1
D4ZHLFP1.10.5149.4246.1	gi|148609382|ref|NC_009514.1|	100.0	67	0	0	1	67	2730	2796	1.5e-28	124.8
D4ZHLFP1.10.6861.4553.1	gi|46401626|ref|NC_005856.1|	100.0	67	0	0	1	67	1068	1134	1.5e-28	124.8
D4ZHLFP1.10.9978.6876.1	gi|116221992|ref|NC_008464.1|	100.0	73	0	0	1	73	1080	1152	7.5e-32	135.9
D4ZHLFP1.10.11996.7608.1	gi|19548987|ref|NC_003444.1|	100.0	60	0	0	1	60	1937	1996	1e-24	111.9
D4ZHLFP1.10.14838.7751.1	gi|13559823|ref|NC_002730.1|	100.0	73	0	0	1	73	5411	5483	7.6e-32	135.9
D4ZHLFP1.10.17784.8971.1	gi|148609382|ref|NC_009514.1|	100.0	55	0	0	1	55	912	966	6e-22	102.7
D4ZHLFP1.10.9972.10602.1	gi|9626243|ref|NC_001416.1|	100.0	61	0	0	3	63	4679	4619	3e-25	113.8
D4ZHLFP1.10.4624.12603.1	gi|155370093|ref|NC_007804.2|	100.0	57	0	0	1	57	3639	3695	4.6e-23	106.4
D4ZHLFP1.10.3737.15157.1	gi|200003956|ref|NC_011222.1|	100.0	52	0	0	1	52	5429	5480	3.4e-20	97.1
D4ZHLFP1.10.18165.15353.1	gi|155370093|ref|NC_007804.2|	100.0	69	0	0	1	69	1641	1573	1.2e-29	128.5
D4ZHLFP1.10.7593.21986.1	gi|9626243|ref|NC_001416.1|	100.0	50	0	0	1	50	7310	7261	3.1e-19	93.5
D4ZHLFP1.10.3507.22108.1	gi|148609382|ref|NC_009514.1|	100.0	68	0	0	1	68	1259	1192	4.2e-29	126.7
D4ZHLFP1.10.18667.22550.1	gi|209447126|ref|NC_011357.1|	100.0	69	0	0	1	69	1738	1670	1.2e-29	128.5
D4ZHLFP1.10.12314.23436.1	gi|155370093|ref|NC_007804.2|	100.0	63	0	0	1	63	6307	6245	2.4e-26	117.5
D4ZHLFP1.10.15632.23737.1	gi|155370093|ref|NC_007804.2|	100.0	80	0	0	1	80	2269	2190	1.1e-35	148.9
D4ZHLFP1.10.8490.30832.1	gi|9634119|ref|NC_002166.1|	100.0	60	0	0	2	61	2901	2842	1e-24	111.9
D4ZHLFP1.10.2404.32273.1	gi|155370093|ref|NC_007804.2|	100.0	74	0	0	1	74	297	224	2.1e-32	137.8
D4ZHLFP1.10.18904.34107.1	gi|46401626|ref|NC_005856.1|	100.0	67	0	0	1	67	1107	1173	1.5e-28	124.8
D4ZHLFP1.10.13244.36310.1	gi|148609382|ref|NC_009514.1|	100.0	65	0	0	1	65	6470	6406	1.9e-27	121.2
D4ZHLFP1.10.1855.38490.1	gi|131840030|ref|NC_009127.1|	100.0	57	0	0	1	57	3033	3089	4.6e-23	106.4
D4ZHLFP1.10.17903.41816.1	gi|9634119|ref|NC_002166.1|	100.0	65	0	0	1	65	2922	2858	1.9e-27	121.2
D4ZHLFP1.10.10559.42931.1	gi|148609382|ref|NC_009514.1|	100.0	77	0	0	1	77	3971	3895	4.7e-34	143.3
D4ZHLFP1.10.8597.43844.1	gi|46401626|ref|NC_005856.1|	100.0	66	0	0	1	66	1128	1193	5.2e-28	123.0
D4ZHLFP1.10.8949.44150.1	gi|10834856|ref|NC_002577.1|	100.0	73	0	0	4	76	6861	6789	7.8e-32	135.9
D4ZHLFP1.10.20851.44012.1	gi|9626243|ref|NC_001416.1|	100.0	72	0	0	1	72	852	781	2.6e-31	134.1
D4ZHLFP1.10.4922.46546.1	gi|9626243|ref|NC_001416.1|	100.0	55	0	0	1	55	2243	2189	5.7e-22	102.7
D4ZHLFP1.10.16231.46927.1	gi|46401626|ref|NC_005856.1|	100.0	70	0	0	1	70	519	588	3.3e-30	130.4
D4ZHLFP1.10.8602.47758.1	gi|148609382|ref|NC_009514.1|	100.0	66	0	0	1	66	4353	4418	5.2e-28	123.0
D4ZHLFP1.10.14316.53616.1	gi|9626243|ref|NC_001416.1|	100.0	71	0	0	1	71	4385	4315	9.4e-31	132.2
D4ZHLFP1.10.9495.54674.1	gi|148609382|ref|NC_009514.1|	100.0	78	0	0	1	78	694	617	1.3e-34	145.2
D4ZHLFP1.10.9140.57905.1	gi|46402086|ref|NC_005857.1|	100.0	75	0	0	1	75	3321	3395	5.9e-33	139.6
D4ZHLFP1.10.6923.62433.1	gi|116221992|ref|NC_008464.1|	100.0	57	0	0	1	57	5448	5504	4.6e-23	106.4
D4ZHLFP1.10.9733.62659.1	gi|148609382|ref|NC_009514.1|	100.0	55	0	0	1	55	5306	5252	5.7e-22	102.7
D4ZHLFP1.10.6975.65543.1	gi|155370093|ref|NC_007804.2|	100.0	65	0	0	1	65	2411	2347	1.9e-27	121.2
D4ZHLFP1.10.9929.66905.1	gi|155370093|ref|NC_007804.2|	100.0	69	0	0	1	69	4458	4390	1.2e-29	128.5
D4ZHLFP1.10.9198.68637.1	gi|148609382|ref|NC_009514.1|	100.0	56	0	0	1	56	3222	3167	1.6e-22	104.5
D4ZHLFP1.10.16963.69489.1	gi|148609382|ref|NC_009514.1|	100.0	54	0	0	1	54	4466	4519	2.1e-21	100.8
D4ZHLFP1.10.10875.75155.1	gi|148609382|ref|NC_009514.1|	100.0	64	0	0	1	64	5201	5264	6.6e-27	119.3
D4ZHLFP1.10.11366.77157.1	gi|302861121|ref|NC_004913.2|	100.0	61	0	0	1	61	6490	6550	2.9e-25	113.8
D4ZHLFP1.10.9124.82027.1	gi|148609382|ref|NC_009514.1|	100.0	65	0	0	1	65	1833	1769	1.9e-27	121.2
D4ZHLFP1.10.1665.83093.1	gi|148609382|ref|NC_009514.1|	100.0	56	0	0	1	56	4587	4532	1.6e-22	104.5
D4ZHLFP1.10.11732.85659.1	gi|209447126|ref|NC_011357.1|	100.0	63	0	0	1	63	3653	3715	2.3e-26	117.5
D4ZHLFP1.10.4079.87050.1	gi|46402086|ref|NC_005857.1|	100.0	63	0	0	12	74	6147	6209	2.7e-26	117.5
D4ZHLFP1.10.9584.87603.1	gi|46401626|ref|NC_005856.1|	100.0	80	0	0	1	80	622	701	1e-35	148.9
D4ZHLFP1.10.14215.88331.1	gi|155370093|ref|NC_007804.2|	100.0	73	0	0	1	73	3847	3775	7.6e-32	135.9
D4ZHLFP1.10.16236.93971.1	gi|148609382|ref|NC_009514.1|	100.0	64	0	0	1	64	4172	4109	6.6e-27	119.3
D4ZHLFP1.10.10385.99061.1	gi|9634119|ref|NC_002166.1|	100.0	52	0	0	1	52	3030	2979	2.5e-20	97.1
D4ZHLFP1.10.20620.105804.1	gi|9634119|ref|NC_002166.1|	100.0	79	0	0	1	79	5017	4939	3.7e-35	147.0
D4ZHLFP1.10.10775.107808.1	gi|9626243|ref|NC_001416.1|	100.0	69	0	0	1	69	560	492	1.2e-29	128.5
D4ZHLFP1.10.6369.108105.1	gi|9634119|ref|NC_002166.1|	100.0	77	0	0	1	77	2876	2800	4.7e-34	143.3
D4ZHLFP1.10.3389.109681.1	gi|9626243|ref|NC_001416.1|	100.0	66	0	0	1	66	4060	3995	5.2e-28	123.0
D4ZHLFP1.10.12090.109613.1	gi|169936017|ref|NC_010463.1|	100.0	70	0	0	1	70	6049	5980	3.3e-30	130.4
D4ZHLFP1.10.7917.111390.1	gi|9626243|ref|NC_001416.1|	100.0	64	0	0	1	64	7353	7290	6.6e-27	119.3
D4ZHLFP1.10.13045.111825.1	gi|155370093|ref|NC_007804.2|	100.0	70	0	0	1	70	444	513	3.3e-30	130.4
D4ZHLFP1.10.13604.112194.1	gi|155370093|ref|NC_007804.2|	100.0	68	0	0	2	69	406	473	4.2e-29	126.7
D4ZHLFP1.10.16422.116017.1	gi|9626243|ref|NC_001416.1|	100.0	84	0	0	1	84	2810	2893	6.6e-38	156.2
D4ZHLFP1.10.9665.119144.1	gi|209427726|ref|NC_011356.1|	100.0	68	0	0	2	69	3279	3212	4.4e-29	126.7
D4ZHLFP1.10.13121.119810.1	gi|148609382|ref|NC_009514.1|	100.0	63	0	0	1	63	2776	2838	2.3e-26	117.5
D4ZHLFP1.10.7115.121079.1	gi|155370093|ref|NC_007804.2|	100.0	66	0	0	1	66	7158	7093	5.3e-28	123.0
D4ZHLFP1.10.6291.122666.1	gi|19548987|ref|NC_003444.1|	100.0	83	0	0	1	83	7170	7252	2.3e-37	154.4
D4ZHLFP1.10.10163.125961.1	gi|302393080|ref|NC_004914.2|	100.0	68	0	0	1	68	6508	6575	4.2e-29	126.7
D4ZHLFP1.10.10923.126398.1	gi|46401626|ref|NC_005856.1|	100.0	70	0	0	1	70	753	822	3.3e-30	130.4
D4ZHLFP1.10.17409.130401.1	gi|9634119|ref|NC_002166.1|	100.0	66	0	0	1	66	2809	2744	5.2e-28	123.0
D4ZHLFP1.10.6967.131653.1	gi|9626243|ref|NC_001416.1|	100.0	67	0	0	1	67	6901	6835	1.5e-28	124.8
D4ZHLFP1.10.20261.132743.1	gi|9626243|ref|NC_001416.1|	100.0	69	0	0	1	69	6912	6844	1.2e-29	128.5
D4ZHLFP1.10.16873.136562.1	gi|200003956|ref|NC_011222.1|	100.0	60	0	0	1	60	5952	6011	1e-24	111.9
D4ZHLFP1.10.11980.140793.1	gi|155370093|ref|NC_007804.2|	100.0	75	0	0	2	76	4823	4897	6.1e-33	139.6
D4ZHLFP1.10.21018.141308.1	gi|148609382|ref|NC_009514.1|	100.0	63	0	0	1	63	516	578	2.4e-26	117.5
D4ZHLFP1.10.15236.142848.1	gi|9626243|ref|NC_001416.1|	100.0	76	0	0	1	76	323	398	1.7e-33	141.5
D4ZHLFP1.10.18082.145568.1	gi|148609382|ref|NC_009514.1|	100.0	58	0	0	1	58	2257	2200	1.3e-23	108.2
D4ZHLFP1.10.8392.148269.1	gi|9626243|ref|NC_001416.1|	100.0	72	0	0	2	73	2436	2365	2.8e-31	134.1
D4ZHLFP1.10.21312.151123.1	gi|148609382|ref|NC_009514.1|	100.0	59	0	0	1	59	284	226	3.7e-24	110.1
D4ZHLFP1.10.9381.151700.1	gi|9634155|ref|NC_002167.1|	100.0	51	0	0	1	51	1585	1535	8.8e-20	95.3
D4ZHLFP1.10.1635.152270.1	gi|148609382|ref|NC_009514.1|	100.0	66	0	0	1	66	1771	1836	5.2e-28	123.0
D4ZHLFP1.10.14037.152607.1	gi|170783609|ref|NC_010237.1|	100.0	62	0	0	18	79	6091	6152	1.1e-25	115.6
D4ZHLFP1.10.6747.153898.1	gi|9634119|ref|NC_002166.1|	100.0	75	0	0	1	75	2879	2805	5.9e-33	139.6
D4ZHLFP1.10.16053.154358.1	gi|148609382|ref|NC_009514.1|	100.0	70	0	0	1	70	1420	1351	3.3e-30	130.4
D4ZHLFP1.10.5247.161736.1	gi|302393080|ref|NC_004914.2|	100.0	67	0	0	1	67	6316	6382	1.5e-28	124.8
D4ZHLFP1.10.9716.161567.1	gi|9626243|ref|NC_001416.1|	100.0	66	0	0	1	66	2808	2873	5.2e-28	123.0
D4ZHLFP1.10.1597.164489.1	gi|9634119|ref|NC_002166.1|	100.0	74	0	0	1	74	3065	2992	2.1e-32	137.8
D4ZHLFP1.10.1123.165753.1	gi|209447126|ref|NC_011357.1|	100.0	63	0	0	3	65	7221	7159	2.4e-26	117.5
D4ZHLFP1.10.7980.168475.1	gi|148609382|ref|NC_009514.1|	100.0	66	0	0	1	66	529	594	5.2e-28	123.0
D4ZHLFP1.10.19255.168717.1	gi|148609382|ref|NC_009514.1|	100.0	83	0	0	1	83	1484	1402	2.3e-37	154.4
D4ZHLFP1.10.9908.169865.1	gi|9627507|ref|NC_001609.1|	100.0	75	0	0	1	75	179	105	5.9e-33	139.6
D4ZHLFP1.10.7666.173182.1	gi|13559823|ref|NC_002730.1|	100.0	68	0	0	3	70	4373	4440	4.3e-29	126.7
D4ZHLFP1.10.1641.174375.1	gi|148609382|ref|NC_009514.1|	100.0	69	0	0	1	69	4290	4358	1.2e-29	128.5
D4ZHLFP1.10.12953.174585.1	gi|148609382|ref|NC_009514.1|	100.0	63	0	0	1	63	4344	4406	2.3e-26	117.5
D4ZHLFP1.10.20623.175190.1	gi|9634119|ref|NC_002166.1|	100.0	65	0	0	2	66	5686	5622	2e-27	121.2
D4ZHLFP1.10.19033.176401.1	gi|46401626|ref|NC_005856.1|	100.0	68	0	0	1	68	924	991	4.2e-29	126.7
D4ZHLFP1.10.12957.177999.1	gi|9626243|ref|NC_001416.1|	100.0	72	0	0	1	72	1270	1341	2.7e-31	134.1
D4ZHLFP1.10.11741.178167.1	gi|9626243|ref|NC_001416.1|	100.0	67	0	0	1	67	6892	6826	1.5e-28	124.8
D4ZHLFP1.10.1343.178388.1	gi|9626243|ref|NC_001416.1|	100.0	67	0	0	1	67	842	776	1.5e-28	124.8
D4ZHLFP1.10.15899.179364.1	gi|148609382|ref|NC_009514.1|	100.0	71	0	0	1	71	6224	6154	9.4e-31	132.2
D4ZHLFP1.10.5964.183156.1	gi|13559823|ref|NC_002730.1|	100.0	74	0	0	1	74	2364	2291	2.1e-32	137.8
D4ZHLFP1.10.9770.187948.1	gi|12084824|ref|NC_002641.1|	100.0	57	0	0	7	63	2355	2299	5e-23	106.4
D4ZHLFP1.10.3164.188575.1	gi|155370093|ref|NC_007804.2|	100.0	73	0	0	2	74	4195	4123	7.6e-32	135.9
D4ZHLFP1.10.7768.189739.1	gi|155370093|ref|NC_007804.2|	100.0	76	0	0	1	76	4839	4764	1.7e-33	141.5
D4ZHLFP1.10.12354.189965.1	gi|9634119|ref|NC_002166.1|	100.0	75	0	0	1	75	2879	2805	5.9e-33	139.6
D4ZHLFP1.10.5378.192785.1	gi|148609382|ref|NC_009514.1|	100.0	70	0	0	1	70	1850	1781	3.4e-30	130.4
D4ZHLFP1.10.5166.193029.1	gi|155370093|ref|NC_007804.2|	100.0	66	0	0	1	66	4795	4730	5.2e-28	123.0
D4ZHLFP1.10.4164.194980.1	gi|155370093|ref|NC_007804.2|	100.0	70	0	0	1	70	4488	4557	3.3e-30	130.4
D4ZHLFP1.10.5448.197046.1	gi|155370093|ref|NC_007804.2|	100.0	70	0	0	1	70	1613	1544	3.3e-30	130.4
D4ZHLFP1.10.4596.197513.1	gi|9634119|ref|NC_002166.1|	100.0	73	0	0	1	73	2169	2097	7.5e-32	135.9
D4ZHLFP1.10.16152.4635.1	gi|155370093|ref|NC_007804.2|	100.0	62	0	0	1	62	6834	6895	8.2e-26	115.6
D4ZHLFP1.10.8041.5440.1	gi|46401626|ref|NC_005856.1|	100.0	81	0	0	1	81	837	917	3e-36	150.7
D4ZHLFP1.10.15076.6832.1	gi|155370093|ref|NC_007804.2|	100.0	75	0	0	1	75	4445	4519	5.9e-33	139.6
D4ZHLFP1.10.10862.12993.1	gi|9626243|ref|NC_001416.1|	100.0	66	0	0	1	66	4302	4237	5.2e-28	123.0
D4ZHLFP1.10.2248.15949.1	gi|148609382|ref|NC_009514.1|	100.0	68	0	0	2	69	440	507	4.2e-29	126.7
D4ZHLFP1.10.4010.16153.1	gi|228860932|ref|NC_012635.1|	100.0	65	0	0	1	65	4024	4088	1.9e-27	121.2
D4ZHLFP1.10.16301.17204.1	gi|155370093|ref|NC_007804.2|	100.0	64	0	0	1	64	4445	4508	6.6e-27	119.3
D4ZHLFP1.10.13800.17536.1	gi|148609382|ref|NC_009514.1|	100.0	53	0	0	1	53	1951	1899	7.1e-21	99.0
D4ZHLFP1.10.5754.18006.1	gi|9626243|ref|NC_001416.1|	100.0	66	0	0	1	66	5191	5256	5.2e-28	123.0
D4ZHLFP1.10.18476.18635.1	gi|9626243|ref|NC_001416.1|	100.0	68	0	0	1	68	3999	3932	4.2e-29	126.7
D4ZHLFP1.10.1076.22123.1	gi|41057278|ref|NC_005344.1|	100.0	66	0	0	1	66	1523	1588	5.2e-28	123.0
D4ZHLFP1.10.18001.23932.1	gi|148609382|ref|NC_009514.1|	100.0	68	0	0	4	71	5729	5662	4.4e-29	126.7
D4ZHLFP1.10.13870.24669.1	gi|155370093|ref|NC_007804.2|	100.0	81	0	0	1	81	733	813	3e-36	150.7
D4ZHLFP1.10.13706.25365.1	gi|155370093|ref|NC_007804.2|	100.0	72	0	0	1	72	7230	7301	2.6e-31	134.1
D4ZHLFP1.10.8303.26732.1	gi|9626243|ref|NC_001416.1|	100.0	54	0	0	1	54	3651	3704	2.7e-21	100.8
D4ZHLFP1.10.17365.28103.1	gi|155370093|ref|NC_007804.2|	100.0	66	0	0	2	67	1445	1380	5.5e-28	123.0
D4ZHLFP1.10.13812.29526.1	gi|155370093|ref|NC_007804.2|	100.0	74	0	0	2	75	4824	4751	2.1e-32	137.8
D4ZHLFP1.10.20189.31052.1	gi|9634119|ref|NC_002166.1|	100.0	57	0	0	2	58	6762	6818	4.6e-23	106.4
D4ZHLFP1.10.20402.31051.1	gi|148609382|ref|NC_009514.1|	100.0	70	0	0	1	70	1762	1693	3.4e-30	130.4
D4ZHLFP1.10.20859.35559.1	gi|155370093|ref|NC_007804.2|	100.0	69	0	0	1	69	3068	3000	1.2e-29	128.5
D4ZHLFP1.10.9520.35784.1	gi|9634155|ref|NC_002167.1|	100.0	63	0	0	2	64	1663	1601	2.4e-26	117.5
D4ZHLFP1.10.3787.36584.1	gi|148609382|ref|NC_009514.1|	100.0	84	0	0	1	84	5525	5608	6.6e-38	156.2
D4ZHLFP1.10.14275.38034.1	gi|155370093|ref|NC_007804.2|	100.0	72	0	0	1	72	5793	5864	2.7e-31	134.1
D4ZHLFP1.10.9547.44433.1	gi|46401626|ref|NC_005856.1|	100.0	67	0	0	1	67	831	897	1.5e-28	124.8
D4ZHLFP1.10.3629.45320.1	gi|200003956|ref|NC_011222.1|	100.0	65	0	0	1	65	5952	6016	1.9e-27	121.2
D4ZHLFP1.10.15701.45586.1	gi|116221992|ref|NC_008464.1|	100.0	66	0	0	1	66	291	356	5.2e-28	123.0
D4ZHLFP1.10.6240.49258.1	gi|9626243|ref|NC_001416.1|	100.0	70	0	0	1	70	2697	2766	3.3e-30	130.4
D4ZHLFP1.10.2756.51072.1	gi|19548987|ref|NC_003444.1|	100.0	74	0	0	3	76	2590	2663	2.2e-32	137.8
D4ZHLFP1.10.19267.51576.1	gi|155370093|ref|NC_007804.2|	100.0	67	0	0	1	67	3719	3785	1.5e-28	124.8
D4ZHLFP1.10.10228.52638.1	gi|148609382|ref|NC_009514.1|	100.0	69	0	0	1	69	5697	5765	1.2e-29	128.5
D4ZHLFP1.10.20184.55872.1	gi|148609382|ref|NC_009514.1|	100.0	80	0	0	1	80	6595	6516	1e-35	148.9
D4ZHLFP1.10.2172.56564.1	gi|155370093|ref|NC_007804.2|	100.0	69	0	0	1	69	4668	4736	1.2e-29	128.5
D4ZHLFP1.10.14490.57282.1	gi|148609382|ref|NC_009514.1|	100.0	65	0	0	4	68	6256	6320	2e-27	121.2
D4ZHLFP1.10.5794.59156.1	gi|9626243|ref|NC_001416.1|	100.0	65	0	0	1	65	6914	6850	1.9e-27	121.2
D4ZHLFP1.10.11256.64068.1	gi|155370093|ref|NC_007804.2|	100.0	65	0	0	1	65	3095	3031	1.9e-27	121.2
D4ZHLFP1.10.16684.64406.1	gi|209447126|ref|NC_011357.1|	100.0	73	0	0	1	73	2440	2512	7.5e-32	135.9
D4ZHLFP1.10.16659.67152.1	gi|148609382|ref|NC_009514.1|	100.0	69	0	0	1	69	6012	6080	1.2e-29	128.5
D4ZHLFP1.10.6396.68129.1	gi|148609382|ref|NC_009514.1|	100.0	71	0	0	1	71	526	596	9.4e-31	132.2
D4ZHLFP1.10.13502.69532.1	gi|209447126|ref|NC_011357.1|	100.0	71	0	0	1	71	1001	931	9.4e-31	132.2
D4ZHLFP1.10.16932.73175.1	gi|9626243|ref|NC_001416.1|	100.0	63	0	0	1	63	5022	4960	2.3e-26	117.5
D4ZHLFP1.10.12707.74949.1	gi|148609382|ref|NC_009514.1|	100.0	64	0	0	1	64	6066	6003	6.6e-27	119.3
D4ZHLFP1.10.6359.78375.1	gi|116221992|ref|NC_008464.1|	100.0	71	0	0	1	71	1814	1884	9.4e-31	132.2
D4ZHLFP1.10.12006.83197.1	gi|155370093|ref|NC_007804.2|	100.0	60	0	0	1	60	6602	6543	1e-24	111.9
D4ZHLFP1.10.3385.84777.1	gi|9630464|ref|NC_001901.1|	100.0	71	0	0	1	71	2660	2730	9.8e-31	132.2
D4ZHLFP1.10.14333.87157.1	gi|148609382|ref|NC_009514.1|	100.0	75	0	0	1	75	5219	5145	5.9e-33	139.6
D4ZHLFP1.10.5004.97252.1	gi|148609382|ref|NC_009514.1|	100.0	53	0	0	11	63	3440	3388	8.4e-21	99.0
D4ZHLFP1.10.6104.97828.1	gi|148609382|ref|NC_009514.1|	100.0	61	0	0	1	61	3803	3863	3e-25	113.8
D4ZHLFP1.10.2239.102388.1	gi|9634119|ref|NC_002166.1|	100.0	69	0	0	1	69	2230	2162	1.2e-29	128.5
D4ZHLFP1.10.19337.103692.1	gi|155370093|ref|NC_007804.2|	100.0	82	0	0	1	82	6563	6482	8.3e-37	152.5
D4ZHLFP1.10.7847.104419.1	gi|19548987|ref|NC_003444.1|	100.0	70	0	0	1	70	1089	1020	3.3e-30	130.4
D4ZHLFP1.10.7712.106457.1	gi|148609382|ref|NC_009514.1|	100.0	66	0	0	1	66	3279	3344	5.2e-28	123.0
D4ZHLFP1.10.9495.107312.1	gi|41057278|ref|NC_005344.1|	100.0	54	0	0	1	54	341	288	2e-21	100.8
D4ZHLFP1.10.3089.107904.1	gi|200003956|ref|NC_011222.1|	100.0	64	0	0	1	64	5951	6014	6.6e-27	119.3
D4ZHLFP1.10.13696.108638.1	gi|148609382|ref|NC_009514.1|	100.0	70	0	0	1	70	4411	4342	3.4e-30	130.4
D4ZHLFP1.10.17266.109421.1	gi|46401626|ref|NC_005856.1|	100.0	59	0	0	1	59	1121	1179	3.7e-24	110.1
D4ZHLFP1.10.21291.111089.1	gi|148609382|ref|NC_009514.1|	100.0	65	0	0	1	65	1644	1580	1.9e-27	121.2
D4ZHLFP1.10.9025.111488.1	gi|155370093|ref|NC_007804.2|	100.0	72	0	0	1	72	3692	3763	2.6e-31	134.1
D4ZHLFP1.10.19930.111450.1	gi|148609382|ref|NC_009514.1|	100.0	81	0	0	1	81	2910	2830	3e-36	150.7
D4ZHLFP1.10.21202.113531.1	gi|9626243|ref|NC_001416.1|	100.0	67	0	0	2	68	701	767	1.5e-28	124.8
D4ZHLFP1.10.3567.119933.1	gi|46401626|ref|NC_005856.1|	100.0	52	0	0	2	53	579	630	2.6e-20	97.1
D4ZHLFP1.10.3663.125917.1	gi|148609382|ref|NC_009514.1|	100.0	63	0	0	1	63	5544	5482	2.3e-26	117.5
D4ZHLFP1.10.13576.125804.1	gi|155370093|ref|NC_007804.2|	100.0	64	0	0	1	64	3341	3278	6.6e-27	119.3
D4ZHLFP1.10.6194.126968.1	gi|302393080|ref|NC_004914.2|	100.0	81	0	0	1	81	4852	4772	3e-36	150.7
D4ZHLFP1.10.16137.126941.1	gi|148609382|ref|NC_009514.1|	100.0	81	0	0	1	81	6672	6592	3e-36	150.7
D4ZHLFP1.10.5053.128422.1	gi|148609382|ref|NC_009514.1|	100.0	52	0	0	1	52	1211	1262	2.5e-20	97.1
D4ZHLFP1.10.5149.129093.1	gi|155370093|ref|NC_007804.2|	100.0	75	0	0	1	75	6560	6486	5.9e-33	139.6
D4ZHLFP1.10.7638.131171.1	gi|148609382|ref|NC_009514.1|	100.0	71	0	0	1	71	6672	6602	9.4e-31	132.2
D4ZHLFP1.10.6566.133209.1	gi|9634119|ref|NC_002166.1|	100.0	74	0	0	1	74	2230	2157	2.1e-32	137.8
D4ZHLFP1.10.4881.141998.1	gi|148609382|ref|NC_009514.1|	100.0	68	0	0	1	68	6695	6762	4.2e-29	126.7
D4ZHLFP1.10.19288.146074.1	gi|148609382|ref|NC_009514.1|	100.0	52	0	0	2	53	968	917	2.7e-20	97.1
D4ZHLFP1.10.9843.147547.1	gi|148609382|ref|NC_009514.1|	100.0	62	0	0	1	62	3938	3999	8.2e-26	115.6
D4ZHLFP1.10.10925.148777.1	gi|9626243|ref|NC_001416.1|	100.0	67	0	0	1	67	5187	5121	1.5e-28	124.8
D4ZHLFP1.10.10200.149507.1	gi|155370093|ref|NC_007804.2|	100.0	73	0	0	1	73	873	801	7.5e-32	135.9
D4ZHLFP1.10.14014.152651.1	gi|12084824|ref|NC_002641.1|	100.0	51	0	0	28	78	2355	2305	1.4e-19	95.3
D4ZHLFP1.10.15023.152562.1	gi|9626243|ref|NC_001416.1|	100.0	74	0	0	1	74	7258	7185	2.1e-32	137.8
D4ZHLFP1.10.8634.155148.1	gi|148609382|ref|NC_009514.1|	100.0	71	0	0	1	71	1038	968	9.4e-31	132.2
D4ZHLFP1.10.7577.159198.1	gi|148609382|ref|NC_009514.1|	100.0	78	0	0	1	78	1703	1626	1.3e-34	145.2
D4ZHLFP1.10.13001.160091.1	gi|148609382|ref|NC_009514.1|	100.0	68	0	0	1	68	5922	5855	4.2e-29	126.7
D4ZHLFP1.10.17830.160632.1	gi|148609382|ref|NC_009514.1|	100.0	68	0	0	1	68	690	623	4.2e-29	126.7
D4ZHLFP1.10.10774.161973.1	gi|41057278|ref|NC_005344.1|	100.0	69	0	0	1	69	3434	3366	1.2e-29	128.5
D4ZHLFP1.10.17172.166596.1	gi|116326222|ref|NC_008515.1|	100.0	76	0	0	1	76	1440	1515	1.7e-33	141.5
D4ZHLFP1.10.5632.170170.1	gi|9634155|ref|NC_002167.1|	100.0	70	0	0	1	70	5915	5846	3.5e-30	130.4
D4ZHLFP1.10.12517.172768.1	gi|46401626|ref|NC_005856.1|	100.0	67	0	0	1	67	1096	1162	1.5e-28	124.8
D4ZHLFP1.10.6073.178744.1	gi|9626243|ref|NC_001416.1|	100.0	58	0	0	1	58	6653	6596	1.3e-23	108.2
D4ZHLFP1.10.3769.180669.1	gi|9626243|ref|NC_001416.1|	100.0	54	0	0	1	54	3093	3040	2e-21	100.8
D4ZHLFP1.10.7366.181900.1	gi|9626243|ref|NC_001416.1|	100.0	62	0	0	1	62	6579	6518	8.4e-26	115.6
D4ZHLFP1.10.8928.182223.1	gi|148609382|ref|NC_009514.1|	100.0	74	0	0	1	74	1835	1762	2.1e-32	137.8
D4ZHLFP1.10.18091.183242.1	gi|148609382|ref|NC_009514.1|	100.0	68	0	0	1	68	781	714	4.2e-29	126.7
D4ZHLFP1.10.2513.185289.1	gi|41057278|ref|NC_005344.1|	100.0	63	0	0	1	63	5793	5731	2.4e-26	117.5
D4ZHLFP1.10.8684.185262.1	gi|9626243|ref|NC_001416.1|	100.0	70	0	0	1	70	6736	6805	3.3e-30	130.4
D4ZHLFP1.10.7965.188247.1	gi|9626243|ref|NC_001416.1|	100.0	77	0	0	1	77	3260	3184	4.7e-34	143.3
D4ZHLFP1.10.16129.188225.1	gi|9626243|ref|NC_001416.1|	100.0	72	0	0	1	72	4385	4314	2.6e-31	134.1
D4ZHLFP1.10.11467.193272.1	gi|46401626|ref|NC_005856.1|	100.0	75	0	0	1	75	556	630	5.9e-33	139.6
D4ZHLFP1.10.19700.195466.1	gi|155370093|ref|NC_007804.2|	100.0	66	0	0	1	66	3140	3205	5.2e-28	123.0
D4ZHLFP1.10.7304.197444.1	gi|9627507|ref|NC_001609.1|	100.0	57	0	0	1	57	186	130	4.6e-23	106.4
D4ZHLFP1.10.16740.197738.1	gi|9626243|ref|NC_001416.1|	100.0	75	0	0	1	75	2224	2150	5.9e-33	139.6
D4ZHLFP1.10.1919.3622.1	gi|9626243|ref|NC_001416.1|	100.0	65	0	0	1	65	2451	2387	1.9e-27	121.2
D4ZHLFP1.10.6437.3620.1	gi|19548987|ref|NC_003444.1|	100.0	69	0	0	1	69	1943	2011	1.2e-29	128.5
D4ZHLFP1.10.4074.6327.1	gi|9626243|ref|NC_001416.1|	100.0	67	0	0	4	70	1419	1353	1.5e-28	124.8
D4ZHLFP1.10.11408.7349.1	gi|170783609|ref|NC_010237.1|	100.0	79	0	0	1	79	5035	4957	3.7e-35	147.0
D4ZHLFP1.10.16425.7818.1	gi|155370093|ref|NC_007804.2|	100.0	69	0	0	1	69	6237	6305	1.2e-29	128.5
D4ZHLFP1.10.11765.8907.1	gi|148609382|ref|NC_009514.1|	100.0	76	0	0	1	76	6605	6530	1.7e-33	141.5
D4ZHLFP1.10.4233.9536.1	gi|12084824|ref|NC_002641.1|	100.0	51	0	0	7	57	2355	2305	9.9e-20	95.3
D4ZHLFP1.10.4525.10344.1	gi|9634119|ref|NC_002166.1|	100.0	67	0	0	1	67	2147	2081	1.5e-28	124.8
D4ZHLFP1.10.11159.10532.1	gi|9634119|ref|NC_002166.1|	100.0	72	0	0	1	72	2909	2838	2.6e-31	134.1
D4ZHLFP1.10.1626.11480.1	gi|155370093|ref|NC_007804.2|	100.0	67	0	0	2	68	1494	1428	1.5e-28	124.8
D4ZHLFP1.10.13351.13044.1	gi|9626243|ref|NC_001416.1|	100.0	59	0	0	1	59	3230	3172	3.7e-24	110.1
D4ZHLFP1.10.18968.14171.1	gi|9634119|ref|NC_002166.1|	100.0	67	0	0	1	67	2879	2813	1.5e-28	124.8
D4ZHLFP1.10.3772.15098.1	gi|148609382|ref|NC_009514.1|	100.0	72	0	0	1	72	6644	6573	2.6e-31	134.1
D4ZHLFP1.10.17100.17056.1	gi|155370093|ref|NC_007804.2|	100.0	69	0	0	1	69	6968	7036	1.2e-29	128.5
D4ZHLFP1.10.1868.17274.1	gi|19548987|ref|NC_003444.1|	100.0	74	0	0	1	74	1856	1929	2.1e-32	137.8
D4ZHLFP1.10.17706.23904.1	gi|148609382|ref|NC_009514.1|	100.0	54	0	0	1	54	4024	4077	2e-21	100.8
D4ZHLFP1.10.6550.25600.1	gi|46401626|ref|NC_005856.1|	100.0	71	0	0	1	71	801	871	9.4e-31	132.2
D4ZHLFP1.10.14400.26543.1	gi|9626243|ref|NC_001416.1|	100.0	72	0	0	1	72	2885	2956	2.6e-31	134.1
D4ZHLFP1.10.2000.31591.1	gi|155370093|ref|NC_007804.2|	100.0	79	0	0	1	79	3354	3276	3.7e-35	147.0
D4ZHLFP1.10.21166.34733.1	gi|209447126|ref|NC_011357.1|	100.0	66	0	0	1	66	172	237	5.2e-28	123.0
D4ZHLFP1.10.2178.35520.1	gi|148609382|ref|NC_009514.1|	100.0	52	0	0	1	52	3552	3603	2.5e-20	97.1
D4ZHLFP1.10.16560.35968.1	gi|9634119|ref|NC_002166.1|	100.0	68	0	0	1	68	3039	2972	4.2e-29	126.7
D4ZHLFP1.10.17719.36170.1	gi|9626243|ref|NC_001416.1|	100.0	59	0	0	2	60	2044	1986	3.7e-24	110.1
D4ZHLFP1.10.13445.38060.1	gi|155370093|ref|NC_007804.2|	100.0	59	0	0	1	59	3021	2963	3.7e-24	110.1
D4ZHLFP1.10.3035.38265.1	gi|155370093|ref|NC_007804.2|	100.0	66	0	0	1	66	5435	5500	5.2e-28	123.0
D4ZHLFP1.10.6014.41068.1	gi|116221992|ref|NC_008464.1|	100.0	69	0	0	1	69	7163	7231	1.2e-29	128.5
D4ZHLFP1.10.2556.46013.1	gi|155370093|ref|NC_007804.2|	100.0	73	0	0	1	73	4280	4352	7.5e-32	135.9
D4ZHLFP1.10.10646.47410.1	gi|155370093|ref|NC_007804.2|	100.0	66	0	0	1	66	2541	2476	5.2e-28	123.0
D4ZHLFP1.10.18239.50246.1	gi|9627507|ref|NC_001609.1|	100.0	67	0	0	1	67	1613	1547	1.5e-28	124.8
D4ZHLFP1.10.1660.51225.1	gi|9626243|ref|NC_001416.1|	100.0	64	0	0	1	64	5187	5124	6.6e-27	119.3
D4ZHLFP1.10.11608.51743.1	gi|148609382|ref|NC_009514.1|	100.0	58	0	0	1	58	2840	2897	1.3e-23	108.2
D4ZHLFP1.10.12087.54260.1	gi|9634119|ref|NC_002166.1|	100.0	51	0	0	3	53	2093	2043	1.2e-19	95.3
D4ZHLFP1.10.12889.56633.1	gi|9626243|ref|NC_001416.1|	100.0	56	0	0	21	76	3754	3809	2.2e-22	104.5
D4ZHLFP1.10.14783.57655.1	gi|209447126|ref|NC_011357.1|	100.0	60	0	0	1	60	1466	1525	1e-24	111.9
D4ZHLFP1.10.3323.57910.1	gi|9634119|ref|NC_002166.1|	100.0	59	0	0	1	59	3037	2979	3.7e-24	110.1
D4ZHLFP1.10.9107.58414.1	gi|148609382|ref|NC_009514.1|	100.0	72	0	0	1	72	1229	1158	2.6e-31	134.1
D4ZHLFP1.10.19140.59384.1	gi|148609382|ref|NC_009514.1|	100.0	73	0	0	1	73	985	1057	7.6e-32	135.9
D4ZHLFP1.10.17214.61320.1	gi|148609382|ref|NC_009514.1|	100.0	58	0	0	1	58	2405	2462	1.3e-23	108.2
D4ZHLFP1.10.18059.63278.1	gi|330858525|ref|NC_015457.1|	100.0	53	0	0	1	53	6768	6716	9.1e-21	99.0
D4ZHLFP1.10.19664.65943.1	gi|9626243|ref|NC_001416.1|	100.0	77	0	0	1	77	7419	7343	4.7e-34	143.3
D4ZHLFP1.10.5455.66739.1	gi|9626243|ref|NC_001416.1|	100.0	74	0	0	1	74	4058	3985	2.1e-32	137.8
D4ZHLFP1.10.7278.67403.1	gi|9626243|ref|NC_001416.1|	100.0	79	0	0	1	79	716	794	3.7e-35	147.0
D4ZHLFP1.10.2479.68731.1	gi|148609382|ref|NC_009514.1|	100.0	56	0	0	1	56	6265	6320	1.6e-22	104.5
D4ZHLFP1.10.13003.76220.1	gi|9627507|ref|NC_001609.1|	100.0	76	0	0	1	76	1115	1040	1.7e-33	141.5
D4ZHLFP1.10.16467.76752.1	gi|155370093|ref|NC_007804.2|	100.0	66	0	0	1	66	5428	5493	5.2e-28	123.0
D4ZHLFP1.10.5582.80010.1	gi|148609382|ref|NC_009514.1|	100.0	64	0	0	1	64	5139	5076	6.6e-27	119.3
D4ZHLFP1.10.10859.80786.1	gi|9634119|ref|NC_002166.1|	100.0	59	0	0	1	59	2863	2805	3.7e-24	110.1
D4ZHLFP1.10.11470.80848.1	gi|9626243|ref|NC_001416.1|	100.0	56	0	0	1	56	5764	5709	1.7e-22	104.5
D4ZHLFP1.10.19799.81740.1	gi|148609382|ref|NC_009514.1|	100.0	74	0	0	1	74	4650	4577	2.1e-32	137.8
D4ZHLFP1.10.11946.83624.1	gi|148609382|ref|NC_009514.1|	100.0	51	0	0	1	51	271	321	8.8e-20	95.3
D4ZHLFP1.10.4720.84003.1	gi|148609382|ref|NC_009514.1|	100.0	68	0	0	1	68	4003	3936	4.2e-29	126.7
D4ZHLFP1.10.16377.89823.1	gi|148609382|ref|NC_009514.1|	100.0	74	0	0	1	74	383	310	2.1e-32	137.8
D4ZHLFP1.10.12903.92809.1	gi|9634119|ref|NC_002166.1|	100.0	83	0	0	1	83	2402	2320	2.3e-37	154.4
D4ZHLFP1.10.21108.94079.1	gi|155370093|ref|NC_007804.2|	100.0	66	0	0	1	66	1183	1118	5.2e-28	123.0
D4ZHLFP1.10.19741.94672.1	gi|209447126|ref|NC_011357.1|	100.0	69	0	0	2	70	1504	1572	1.2e-29	128.5
D4ZHLFP1.10.7846.95441.1	gi|155370093|ref|NC_007804.2|	100.0	70	0	0	1	70	5165	5234	3.3e-30	130.4
D4ZHLFP1.10.11507.96550.1	gi|148609382|ref|NC_009514.1|	100.0	77	0	0	1	77	4836	4760	4.7e-34	143.3
D4ZHLFP1.10.2308.99254.1	gi|12084824|ref|NC_002641.1|	100.0	75	0	0	7	81	2355	2281	6.4e-33	139.6
D4ZHLFP1.10.1634.101080.1	gi|155370093|ref|NC_007804.2|	100.0	74	0	0	1	74	3475	3402	2.1e-32	137.8
D4ZHLFP1.10.13220.102905.1	gi|9626243|ref|NC_001416.1|	100.0	74	0	0	1	74	5626	5553	2.1e-32	137.8
D4ZHLFP1.10.1254.106238.1	gi|9634155|ref|NC_002167.1|	100.0	68	0	0	2	69	617	550	4.2e-29	126.7
D4ZHLFP1.10.11860.107148.1	gi|9627507|ref|NC_001609.1|	100.0	66	0	0	1	66	6386	6451	5.2e-28	123.0
D4ZHLFP1.10.7828.109908.1	gi|19548987|ref|NC_003444.1|	100.0	58	0	0	1	58	5159	5102	1.3e-23	108.2
D4ZHLFP1.10.5768.111186.1	gi|19548987|ref|NC_003444.1|	100.0	57	0	0	1	57	999	1055	4.6e-23	106.4
D4ZHLFP1.10.11808.111859.1	gi|9634119|ref|NC_002166.1|	100.0	53	0	0	1	53	7242	7294	8e-21	99.0
D4ZHLFP1.10.1539.114835.1	gi|19548987|ref|NC_003444.1|	100.0	74	0	0	1	74	188	261	2.1e-32	137.8
D4ZHLFP1.10.5475.119116.1	gi|200003956|ref|NC_011222.1|	100.0	62	0	0	2	63	5419	5480	9.7e-26	115.6
D4ZHLFP1.10.2328.122258.1	gi|13559823|ref|NC_002730.1|	100.0	57	0	0	1	57	6920	6864	4.6e-23	106.4
D4ZHLFP1.10.10842.122678.1	gi|155370093|ref|NC_007804.2|	100.0	82	0	0	1	82	4655	4736	8.3e-37	152.5
D4ZHLFP1.10.10629.122792.1	gi|148609382|ref|NC_009514.1|	100.0	78	0	0	2	79	1769	1692	1.3e-34	145.2
D4ZHLFP1.10.7619.125097.1	gi|19548987|ref|NC_003444.1|	100.0	63	0	0	1	63	6890	6828	2.3e-26	117.5
D4ZHLFP1.10.3949.125287.1	gi|13559823|ref|NC_002730.1|	100.0	74	0	0	1	74	5510	5437	2.1e-32	137.8
D4ZHLFP1.10.18576.128683.1	gi|19548987|ref|NC_003444.1|	100.0	74	0	0	1	74	604	677	2.1e-32	137.8
D4ZHLFP1.10.9258.130057.1	gi|155370093|ref|NC_007804.2|	100.0	53	0	0	1	53	6527	6579	7.1e-21	99.0
D4ZHLFP1.10.7394.131659.1	gi|9627507|ref|NC_001609.1|	100.0	57	0	0	1	57	1035	979	4.6e-23	106.4
D4ZHLFP1.10.3941.132867.1	gi|155370093|ref|NC_007804.2|	100.0	74	0	0	1	74	5561	5634	2.1e-32	137.8
D4ZHLFP1.10.9221.133741.1	gi|9626243|ref|NC_001416.1|	100.0	60	0	0	2	61	1924	1983	1e-24	111.9
D4ZHLFP1.10.6886.134445.1	gi|148609382|ref|NC_009514.1|	100.0	73	0	0	1	73	5375	5447	7.5e-32	135.9
D4ZHLFP1.10.19509.134483.1	gi|148609382|ref|NC_009514.1|	100.0	56	0	0	1	56	4335	4280	1.6e-22	104.5
D4ZHLFP1.10.12863.135813.1	gi|155370093|ref|NC_007804.2|	100.0	70	0	0	1	70	185	116	3.3e-30	130.4
D4ZHLFP1.10.6802.136395.1	gi|9627507|ref|NC_001609.1|	100.0	55	0	0	1	55	481	427	5.7e-22	102.7
D4ZHLFP1.10.18519.137212.1	gi|148609382|ref|NC_009514.1|	100.0	63	0	0	1	63	217	155	2.4e-26	117.5
D4ZHLFP1.10.11928.137550.1	gi|155370093|ref|NC_007804.2|	100.0	71	0	0	1	71	4683	4753	9.4e-31	132.2
D4ZHLFP1.10.10068.138248.1	gi|9634119|ref|NC_002166.1|	100.0	64	0	0	1	64	2280	2217	6.6e-27	119.3
D4ZHLFP1.10.13049.138176.1	gi|148609382|ref|NC_009514.1|	100.0	70	0	0	1	70	6693	6762	3.3e-30	130.4
D4ZHLFP1.10.13485.139083.1	gi|46401626|ref|NC_005856.1|	100.0	53	0	0	1	53	1141	1193	9.2e-21	99.0
D4ZHLFP1.10.20195.139397.1	gi|221328618|ref|NC_011976.1|	100.0	54	0	0	1	54	2832	2779	2e-21	100.8
D4ZHLFP1.10.3336.149936.1	gi|19548987|ref|NC_003444.1|	100.0	75	0	0	1	75	5617	5543	5.9e-33	139.6
D4ZHLFP1.10.20621.149783.1	gi|148609382|ref|NC_009514.1|	100.0	51	0	0	9	59	6842	6892	1e-19	95.3
D4ZHLFP1.10.16184.152091.1	gi|12084824|ref|NC_002641.1|	100.0	63	0	0	7	69	2355	2293	2.6e-26	117.5
D4ZHLFP1.10.6381.153106.1	gi|9626243|ref|NC_001416.1|	100.0	64	0	0	1	64	5177	5240	6.6e-27	119.3
D4ZHLFP1.10.7284.155730.1	gi|19548987|ref|NC_003444.1|	100.0	64	0	0	1	64	2676	2739	6.6e-27	119.3
D4ZHLFP1.10.17506.155557.1	gi|155370093|ref|NC_007804.2|	100.0	61	0	0	1	61	2726	2666	2.9e-25	113.8
D4ZHLFP1.10.9875.156809.1	gi|155370093|ref|NC_007804.2|	100.0	72	0	0	1	72	4665	4594	2.6e-31	134.1
D4ZHLFP1.10.7139.160345.1	gi|155370093|ref|NC_007804.2|	100.0	67	0	0	1	67	4124	4058	1.5e-28	124.8
D4ZHLFP1.10.13316.161945.1	gi|155370093|ref|NC_007804.2|	100.0	79	0	0	1	79	4687	4609	3.7e-35	147.0
D4ZHLFP1.10.17312.161854.1	gi|148609382|ref|NC_009514.1|	100.0	79	0	0	1	79	4640	4562	3.8e-35	147.0
D4ZHLFP1.10.2228.162072.1	gi|148609382|ref|NC_009514.1|	100.0	62	0	0	1	62	5434	5373	8.2e-26	115.6
D4ZHLFP1.10.10783.162053.1	gi|148609382|ref|NC_009514.1|	100.0	62	0	0	4	65	5687	5748	8.6e-26	115.6
D4ZHLFP1.10.7573.163077.1	gi|155370093|ref|NC_007804.2|	100.0	67	0	0	1	67	3476	3410	1.5e-28	124.8
D4ZHLFP1.10.6156.164466.1	gi|9626243|ref|NC_001416.1|	100.0	66	0	0	4	69	5089	5024	5.5e-28	123.0
D4ZHLFP1.10.14031.170836.1	gi|41057278|ref|NC_005344.1|	100.0	80	0	0	1	80	6788	6867	1.1e-35	148.9
D4ZHLFP1.10.12946.173039.1	gi|148609382|ref|NC_009514.1|	100.0	77	0	0	1	77	2837	2761	4.7e-34	143.3
D4ZHLFP1.10.16889.175859.1	gi|148609382|ref|NC_009514.1|	100.0	79	0	0	1	79	5549	5471	3.7e-35	147.0
D4ZHLFP1.10.13669.177182.1	gi|9626243|ref|NC_001416.1|	100.0	76	0	0	1	76	6884	6809	1.7e-33	141.5
D4ZHLFP1.10.17257.179251.1	gi|19548987|ref|NC_003444.1|	100.0	52	0	0	1	52	2636	2687	2.5e-20	97.1
D4ZHLFP1.10.5482.181106.1	gi|9626243|ref|NC_001416.1|	100.0	57	0	0	2	58	1257	1201	4.6e-23	106.4
D4ZHLFP1.10.2393.185545.1	gi|9634155|ref|NC_002167.1|	100.0	61	0	0	1	61	5911	5971	2.9e-25	113.8
D4ZHLFP1.10.4129.187044.1	gi|9634119|ref|NC_002166.1|	100.0	72	0	0	1	72	2815	2744	2.6e-31	134.1
D4ZHLFP1.10.16136.187267.1	gi|41057278|ref|NC_005344.1|	100.0	61	0	0	1	61	493	553	2.9e-25	113.8
D4ZHLFP1.10.17839.188148.1	gi|9626243|ref|NC_001416.1|	100.0	75	0	0	1	75	4065	3991	5.9e-33	139.6
D4ZHLFP1.10.14038.190203.1	gi|148609382|ref|NC_009514.1|	100.0	72	0	0	1	72	1936	2007	2.6e-31	134.1
D4ZHLFP1.10.2856.199303.1	gi|209427726|ref|NC_011356.1|	100.0	59	0	0	1	59	1079	1137	3.7e-24	110.1
D4ZHLFP1.10.6956.5644.1	gi|9626243|ref|NC_001416.1|	100.0	66	0	0	1	66	7213	7148	5.2e-28	123.0
D4ZHLFP1.10.10400.6137.1	gi|209447126|ref|NC_011357.1|	100.0	77	0	0	3	79	1166	1242	4.8e-34	143.3
D4ZHLFP1.10.15398.10225.1	gi|148609382|ref|NC_009514.1|	100.0	60	0	0	1	60	1662	1603	1e-24	111.9
D4ZHLFP1.10.12101.11543.1	gi|9627507|ref|NC_001609.1|	100.0	72	0	0	1	72	416	345	2.6e-31	134.1
D4ZHLFP1.10.9665.11832.1	gi|9627507|ref|NC_001609.1|	100.0	70	0	0	4	73	1844	1775	3.5e-30	130.4
D4ZHLFP1.10.19898.12369.1	gi|209447126|ref|NC_011357.1|	100.0	64	0	0	1	64	1513	1576	6.7e-27	119.3
D4ZHLFP1.10.15927.19267.1	gi|9626243|ref|NC_001416.1|	100.0	69	0	0	1	69	857	789	1.2e-29	128.5
D4ZHLFP1.10.13844.21333.1	gi|9626243|ref|NC_001416.1|	100.0	71	0	0	1	71	4326	4396	9.4e-31	132.2
D4ZHLFP1.10.7588.21993.1	gi|148609382|ref|NC_009514.1|	100.0	78	0	0	1	78	1524	1447	1.3e-34	145.2
D4ZHLFP1.10.12521.23456.1	gi|9626243|ref|NC_001416.1|	100.0	79	0	0	1	79	2280	2202	3.7e-35	147.0
D4ZHLFP1.10.11878.24482.1	gi|148609382|ref|NC_009514.1|	100.0	63	0	0	3	65	6701	6763	2.4e-26	117.5
D4ZHLFP1.10.18559.24434.1	gi|9634119|ref|NC_002166.1|	100.0	76	0	0	2	77	3054	2979	1.7e-33	141.5
D4ZHLFP1.10.11071.25218.1	gi|12084824|ref|NC_002641.1|	100.0	64	0	0	7	70	2355	2292	7.2e-27	119.3
D4ZHLFP1.10.13062.26164.1	gi|9626243|ref|NC_001416.1|	100.0	64	0	0	1	64	6154	6217	6.6e-27	119.3
D4ZHLFP1.10.4028.29723.1	gi|302861121|ref|NC_004913.2|	100.0	77	0	0	1	77	4632	4556	4.7e-34	143.3
D4ZHLFP1.10.6785.30910.1	gi|148609382|ref|NC_009514.1|	100.0	64	0	0	1	64	4355	4418	6.6e-27	119.3
D4ZHLFP1.10.8916.32163.1	gi|209427726|ref|NC_011356.1|	100.0	72	0	0	1	72	6656	6727	2.6e-31	134.1
D4ZHLFP1.10.14003.32364.1	gi|12084824|ref|NC_002641.1|	100.0	50	0	0	2	51	2312	2263	3.2e-19	93.5
D4ZHLFP1.10.4499.37065.1	gi|12084824|ref|NC_002641.1|	100.0	75	0	0	7	81	2355	2281	6.4e-33	139.6
D4ZHLFP1.10.2481.42262.1	gi|209447126|ref|NC_011357.1|	100.0	67	0	0	1	67	1408	1474	1.5e-28	124.8
D4ZHLFP1.10.9296.44431.1	gi|155370093|ref|NC_007804.2|	100.0	74	0	0	1	74	4518	4591	2.1e-32	137.8
D4ZHLFP1.10.15351.45261.1	gi|155370093|ref|NC_007804.2|	100.0	73	0	0	1	73	4335	4407	7.5e-32	135.9
D4ZHLFP1.10.15267.45657.1	gi|9626243|ref|NC_001416.1|	100.0	62	0	0	1	62	6497	6436	8.4e-26	115.6
D4ZHLFP1.10.4153.47691.1	gi|148609382|ref|NC_009514.1|	100.0	64	0	0	1	64	6536	6473	6.6e-27	119.3
D4ZHLFP1.10.4473.49084.1	gi|9626243|ref|NC_001416.1|	100.0	66	0	0	1	66	5501	5436	5.2e-28	123.0
D4ZHLFP1.10.9638.50978.1	gi|148609382|ref|NC_009514.1|	100.0	71	0	0	1	71	3217	3287	9.4e-31	132.2
D4ZHLFP1.10.19443.50848.1	gi|9626243|ref|NC_001416.1|	100.0	64	0	0	1	64	6724	6787	6.6e-27	119.3
D4ZHLFP1.10.5771.51418.1	gi|148609382|ref|NC_009514.1|	100.0	65	0	0	2	66	6039	5975	1.9e-27	121.2
D4ZHLFP1.10.3773.51647.1	gi|302861121|ref|NC_004913.2|	100.0	65	0	0	1	65	4854	4790	1.9e-27	121.2
D4ZHLFP1.10.3199.55925.1	gi|209427726|ref|NC_011356.1|	100.0	78	0	0	1	78	5038	4961	1.3e-34	145.2
D4ZHLFP1.10.6070.61273.1	gi|9634119|ref|NC_002166.1|	100.0	73	0	0	2	74	2169	2097	7.6e-32	135.9
D4ZHLFP1.10.13757.65764.1	gi|148609382|ref|NC_009514.1|	100.0	70	0	0	1	70	2231	2300	3.3e-30	130.4
D4ZHLFP1.10.17718.77145.1	gi|9627507|ref|NC_001609.1|	100.0	55	0	0	5	59	4648	4702	6.2e-22	102.7
D4ZHLFP1.10.10742.80411.1	gi|9626243|ref|NC_001416.1|	100.0	66	0	0	1	66	2828	2893	5.2e-28	123.0
D4ZHLFP1.10.4196.80705.1	gi|148609382|ref|NC_009514.1|	100.0	75	0	0	1	75	5378	5452	5.9e-33	139.6
D4ZHLFP1.10.1371.81198.1	gi|46358648|ref|NC_005841.1|	100.0	67	0	0	1	67	2657	2591	1.5e-28	124.8
D4ZHLFP1.10.6426.87072.1	gi|9634119|ref|NC_002166.1|	100.0	57	0	0	1	57	7373	7317	4.6e-23	106.4
D4ZHLFP1.10.8476.96877.1	gi|9626243|ref|NC_001416.1|	100.0	77	0	0	1	77	3976	3900	4.7e-34	143.3
D4ZHLFP1.10.2054.101599.1	gi|46358648|ref|NC_005841.1|	100.0	64	0	0	1	64	2644	2581	6.6e-27	119.3
D4ZHLFP1.10.5687.102744.1	gi|209447126|ref|NC_011357.1|	100.0	68	0	0	1	68	359	426	4.2e-29	126.7
D4ZHLFP1.10.15616.102656.1	gi|148609382|ref|NC_009514.1|	100.0	55	0	0	2	56	3404	3350	5.8e-22	102.7
D4ZHLFP1.10.4066.106558.1	gi|148609382|ref|NC_009514.1|	100.0	77	0	0	1	77	4844	4768	4.7e-34	143.3
D4ZHLFP1.10.6888.108983.1	gi|9626243|ref|NC_001416.1|	100.0	70	0	0	1	70	3099	3168	3.3e-30	130.4
D4ZHLFP1.10.7063.109464.1	gi|209447126|ref|NC_011357.1|	100.0	75	0	0	1	75	3900	3974	5.9e-33	139.6
D4ZHLFP1.10.14257.115548.1	gi|148609382|ref|NC_009514.1|	100.0	77	0	0	1	77	6592	6516	4.7e-34	143.3
D4ZHLFP1.10.19740.122963.1	gi|148609382|ref|NC_009514.1|	100.0	63	0	0	1	63	5482	5544	2.3e-26	117.5
D4ZHLFP1.10.12105.123558.1	gi|155370093|ref|NC_007804.2|	100.0	70	0	0	2	71	2874	2805	3.4e-30	130.4
D4ZHLFP1.10.17747.126495.1	gi|148609382|ref|NC_009514.1|	100.0	72	0	0	1	72	5208	5137	2.6e-31	134.1
D4ZHLFP1.10.10962.128340.1	gi|9634119|ref|NC_002166.1|	100.0	80	0	0	1	80	2924	2845	1e-35	148.9
D4ZHLFP1.10.16021.128887.1	gi|155370093|ref|NC_007804.2|	100.0	74	0	0	1	74	5657	5584	2.1e-32	137.8
D4ZHLFP1.10.19780.129696.1	gi|148609382|ref|NC_009514.1|	100.0	58	0	0	1	58	6093	6150	1.3e-23	108.2
D4ZHLFP1.10.3964.134670.1	gi|9634119|ref|NC_002166.1|	100.0	68	0	0	1	68	2893	2826	4.2e-29	126.7
D4ZHLFP1.10.12673.135760.1	gi|9626243|ref|NC_001416.1|	100.0	62	0	0	3	64	5179	5240	8.5e-26	115.6
D4ZHLFP1.10.8815.137287.1	gi|155370093|ref|NC_007804.2|	100.0	64	0	0	1	64	5168	5105	6.6e-27	119.3
D4ZHLFP1.10.10612.139152.1	gi|148609382|ref|NC_009514.1|	100.0	72	0	0	1	72	3858	3787	2.6e-31	134.1
D4ZHLFP1.10.3972.141174.1	gi|155370093|ref|NC_007804.2|	100.0	75	0	0	1	75	5578	5652	5.9e-33	139.6
D4ZHLFP1.10.19422.143780.1	gi|148609382|ref|NC_009514.1|	100.0	79	0	0	1	79	369	447	3.7e-35	147.0
D4ZHLFP1.10.6791.148084.1	gi|29366675|ref|NC_000866.4|	100.0	74	0	0	1	74	4380	4453	2.1e-32	137.8
D4ZHLFP1.10.14295.148487.1	gi|9634119|ref|NC_002166.1|	100.0	63	0	0	1	63	3091	3029	2.3e-26	117.5
D4ZHLFP1.10.17166.148976.1	gi|9626243|ref|NC_001416.1|	100.0	74	0	0	1	74	5284	5211	2.1e-32	137.8
D4ZHLFP1.10.4708.149417.1	gi|9626243|ref|NC_001416.1|	100.0	69	0	0	1	69	5702	5634	1.2e-29	128.5
D4ZHLFP1.10.8203.150356.1	gi|46358648|ref|NC_005841.1|	100.0	70	0	0	1	70	2650	2581	3.3e-30	130.4
D4ZHLFP1.10.8825.150254.1	gi|19548987|ref|NC_003444.1|	100.0	70	0	0	1	70	2041	2110	3.3e-30	130.4
D4ZHLFP1.10.18171.152128.1	gi|209447126|ref|NC_011357.1|	100.0	68	0	0	1	68	1231	1164	4.2e-29	126.7
D4ZHLFP1.10.9752.155446.1	gi|23505445|ref|NC_004313.1|	100.0	64	0	0	1	64	1529	1592	6.6e-27	119.3
D4ZHLFP1.10.9184.157466.1	gi|148609382|ref|NC_009514.1|	100.0	76	0	0	1	76	1355	1280	1.7e-33	141.5
D4ZHLFP1.10.14164.158173.1	gi|148609382|ref|NC_009514.1|	100.0	78	0	0	2	79	3296	3219	1.3e-34	145.2
D4ZHLFP1.10.14696.160016.1	gi|9634155|ref|NC_002167.1|	100.0	71	0	0	1	71	1779	1709	9.4e-31	132.2
D4ZHLFP1.10.6912.160940.1	gi|148609382|ref|NC_009514.1|	100.0	61	0	0	1	61	1718	1658	2.9e-25	113.8
D4ZHLFP1.10.6095.163619.1	gi|9626243|ref|NC_001416.1|	100.0	69	0	0	1	69	5186	5254	1.2e-29	128.5
D4ZHLFP1.10.20189.166644.1	gi|148609382|ref|NC_009514.1|	100.0	73	0	0	1	73	5079	5007	7.5e-32	135.9
D4ZHLFP1.10.8999.174298.1	gi|46401626|ref|NC_005856.1|	100.0	66	0	0	1	66	802	867	5.2e-28	123.0
D4ZHLFP1.10.1164.175158.1	gi|155370093|ref|NC_007804.2|	100.0	73	0	0	1	73	6550	6478	7.5e-32	135.9
D4ZHLFP1.10.12398.178991.1	gi|9626243|ref|NC_001416.1|	100.0	58	0	0	1	58	739	796	1.4e-23	108.2
D4ZHLFP1.10.10472.181017.1	gi|9626243|ref|NC_001416.1|	100.0	60	0	0	1	60	5081	5022	1.1e-24	111.9
D4ZHLFP1.10.6846.184975.1	gi|148609382|ref|NC_009514.1|	100.0	70	0	0	1	70	4699	4630	3.3e-30	130.4
D4ZHLFP1.10.10634.186755.1	gi|148609382|ref|NC_009514.1|	100.0	69	0	0	1	69	6144	6212	1.2e-29	128.5
D4ZHLFP1.10.12246.188695.1	gi|9634119|ref|NC_002166.1|	100.0	62	0	0	1	62	3089	3028	8.2e-26	115.6
D4ZHLFP1.10.12015.189705.1	gi|148609382|ref|NC_009514.1|	100.0	54	0	0	3	56	4581	4634	2.2e-21	100.8
D4ZHLFP1.10.17401.196734.1	gi|46401626|ref|NC_005856.1|	100.0	58	0	0	1	58	736	793	1.3e-23	108.2
D4ZHLFP1.10.4431.198445.1	gi|9626243|ref|NC_001416.1|	100.0	64	0	0	1	64	4939	4876	6.6e-27	119.3
D4ZHLFP1.10.12881.198552.1	gi|148609382|ref|NC_009514.1|	100.0	61	0	0	1	61	4981	4921	2.9e-25	113.8
D4ZHLFP1.10.7207.198981.1	gi|155370093|ref|NC_007804.2|	100.0	74	0	0	2	75	3619	3546	2.1e-32	137.8
D4ZHLFP1.10.7597.2736.1	gi|46358648|ref|NC_005841.1|	100.0	63	0	0	1	63	2650	2588	2.3e-26	117.5
D4ZHLFP1.10.5616.4408.1	gi|19548987|ref|NC_003444.1|	100.0	63	0	0	1	63	6890	6828	2.3e-26	117.5
D4ZHLFP1.10.13916.10724.1	gi|148609382|ref|NC_009514.1|	100.0	64	0	0	1	64	7390	7453	6.6e-27	119.3
D4ZHLFP1.10.12886.12516.1	gi|148609382|ref|NC_009514.1|	100.0	81	0	0	1	81	2652	2572	3e-36	150.7
D4ZHLFP1.10.5069.13919.1	gi|155370093|ref|NC_007804.2|	100.0	58	0	0	1	58	4494	4437	1.3e-23	108.2
D4ZHLFP1.10.9589.14412.1	gi|19548987|ref|NC_003444.1|	100.0	62	0	0	1	62	6944	7005	8.5e-26	115.6
D4ZHLFP1.10.16683.14351.1	gi|155370093|ref|NC_007804.2|	100.0	82	0	0	1	82	4655	4736	8.3e-37	152.5
D4ZHLFP1.10.15999.16356.1	gi|200003956|ref|NC_011222.1|	100.0	74	0	0	3	76	6052	6125	2.2e-32	137.8
D4ZHLFP1.10.7260.18915.1	gi|148609382|ref|NC_009514.1|	100.0	79	0	0	1	79	5001	4923	3.7e-35	147.0
D4ZHLFP1.10.16722.20218.1	gi|148609382|ref|NC_009514.1|	100.0	76	0	0	1	76	7090	7165	1.7e-33	141.5
D4ZHLFP1.10.10947.20322.1	gi|155370093|ref|NC_007804.2|	100.0	63	0	0	1	63	3938	4000	2.3e-26	117.5
D4ZHLFP1.10.9684.21258.1	gi|155370093|ref|NC_007804.2|	100.0	76	0	0	2	77	1616	1541	1.7e-33	141.5
D4ZHLFP1.10.2360.21564.1	gi|148609382|ref|NC_009514.1|	100.0	69	0	0	1	69	4197	4265	1.2e-29	128.5
D4ZHLFP1.10.7449.23572.1	gi|19548987|ref|NC_003444.1|	100.0	69	0	0	1	69	536	468	1.2e-29	128.5
D4ZHLFP1.10.18344.26429.1	gi|9626243|ref|NC_001416.1|	100.0	68	0	0	1	68	5648	5581	4.2e-29	126.7
D4ZHLFP1.10.21032.28921.1	gi|19548987|ref|NC_003444.1|	100.0	69	0	0	4	72	801	869	1.2e-29	128.5
D4ZHLFP1.10.13602.34347.1	gi|9627507|ref|NC_001609.1|	100.0	71	0	0	1	71	5707	5777	9.4e-31	132.2
D4ZHLFP1.10.19182.34646.1	gi|9626243|ref|NC_001416.1|	100.0	66	0	0	1	66	4886	4821	5.3e-28	123.0
D4ZHLFP1.10.17688.35796.1	gi|9626243|ref|NC_001416.1|	100.0	71	0	0	1	71	4829	4759	9.4e-31	132.2
D4ZHLFP1.10.15671.39256.1	gi|41057278|ref|NC_005344.1|	100.0	65	0	0	1	65	4595	4531	1.9e-27	121.2
D4ZHLFP1.10.18124.40618.1	gi|155370093|ref|NC_007804.2|	100.0	66	0	0	1	66	4502	4437	5.2e-28	123.0
D4ZHLFP1.10.9276.41017.1	gi|148609382|ref|NC_009514.1|	100.0	75	0	0	1	75	2569	2495	5.9e-33	139.6
D4ZHLFP1.10.10424.45961.1	gi|155370093|ref|NC_007804.2|	100.0	59	0	0	4	62	3362	3304	3.8e-24	110.1
D4ZHLFP1.10.14896.46401.1	gi|155370093|ref|NC_007804.2|	100.0	59	0	0	1	59	4717	4659	3.7e-24	110.1
D4ZHLFP1.10.5634.47942.1	gi|148609382|ref|NC_009514.1|	100.0	64	0	0	1	64	5246	5183	6.6e-27	119.3
D4ZHLFP1.10.20059.48230.1	gi|9634119|ref|NC_002166.1|	100.0	63	0	0	1	63	1484	1422	2.3e-26	117.5
D4ZHLFP1.10.5158.48802.1	gi|148609382|ref|NC_009514.1|	100.0	75	0	0	1	75	3909	3983	5.9e-33	139.6
D4ZHLFP1.10.9292.50901.1	gi|9634119|ref|NC_002166.1|	100.0	59	0	0	2	60	2230	2172	3.7e-24	110.1
D4ZHLFP1.10.9008.52716.1	gi|9626243|ref|NC_001416.1|	100.0	63	0	0	1	63	4268	4206	2.3e-26	117.5
D4ZHLFP1.10.11746.52567.1	gi|148609382|ref|NC_009514.1|	100.0	74	0	0	1	74	4080	4153	2.1e-32	137.8
D4ZHLFP1.10.18739.53396.1	gi|9626243|ref|NC_001416.1|	100.0	57	0	0	3	59	701	757	4.7e-23	106.4
D4ZHLFP1.10.16703.54887.1	gi|148609382|ref|NC_009514.1|	100.0	82	0	0	1	82	4248	4167	8.3e-37	152.5
D4ZHLFP1.10.19805.56788.1	gi|9626243|ref|NC_001416.1|	100.0	79	0	0	2	80	2735	2657	3.8e-35	147.0
D4ZHLFP1.10.4768.58491.1	gi|9626243|ref|NC_001416.1|	100.0	62	0	0	1	62	5133	5194	8.2e-26	115.6
D4ZHLFP1.10.9616.60090.1	gi|9634119|ref|NC_002166.1|	100.0	79	0	0	1	79	5717	5639	3.7e-35	147.0
D4ZHLFP1.10.18399.61569.1	gi|148609382|ref|NC_009514.1|	100.0	64	0	0	1	64	1783	1846	6.6e-27	119.3
D4ZHLFP1.10.12375.62778.1	gi|155370093|ref|NC_007804.2|	100.0	64	0	0	1	64	2262	2199	6.6e-27	119.3
D4ZHLFP1.10.5424.65216.1	gi|155370093|ref|NC_007804.2|	100.0	71	0	0	1	71	1127	1057	9.5e-31	132.2
D4ZHLFP1.10.15488.65040.1	gi|302393080|ref|NC_004914.2|	100.0	78	0	0	1	78	689	612	1.3e-34	145.2
D4ZHLFP1.10.5427.66560.1	gi|9626243|ref|NC_001416.1|	100.0	69	0	0	1	69	6661	6593	1.2e-29	128.5
D4ZHLFP1.10.6904.66804.1	gi|148609382|ref|NC_009514.1|	100.0	54	0	0	1	54	5532	5479	2e-21	100.8
D4ZHLFP1.10.4264.67020.1	gi|209447126|ref|NC_011357.1|	100.0	51	0	0	25	75	1	51	1.3e-19	95.3
D4ZHLFP1.10.18570.68584.1	gi|9634155|ref|NC_002167.1|	100.0	60	0	0	1	60	6212	6153	1e-24	111.9
D4ZHLFP1.10.9445.69203.1	gi|41057278|ref|NC_005344.1|	100.0	60	0	0	2	61	491	432	1e-24	111.9
D4ZHLFP1.10.19602.71088.1	gi|148609382|ref|NC_009514.1|	100.0	68	0	0	1	68	4632	4565	4.2e-29	126.7
D4ZHLFP1.10.18040.72834.1	gi|148609382|ref|NC_009514.1|	100.0	65	0	0	1	65	2842	2778	1.9e-27	121.2
D4ZHLFP1.10.16120.75208.1	gi|148609382|ref|NC_009514.1|	100.0	58	0	0	1	58	3563	3506	1.3e-23	108.2
D4ZHLFP1.10.9132.75449.1	gi|9627507|ref|NC_001609.1|	100.0	73	0	0	1	73	2850	2778	7.6e-32	135.9
D4ZHLFP1.10.21276.76041.1	gi|9626243|ref|NC_001416.1|	100.0	71	0	0	2	72	1623	1553	9.5e-31	132.2
D4ZHLFP1.10.10405.76802.1	gi|41057278|ref|NC_005344.1|	100.0	63	0	0	1	63	422	360	2.3e-26	117.5
D4ZHLFP1.10.13440.85943.1	gi|41057278|ref|NC_005344.1|	100.0	66	0	0	1	66	6585	6520	5.2e-28	123.0
D4ZHLFP1.10.14038.87318.1	gi|148609382|ref|NC_009514.1|	100.0	65	0	0	1	65	3896	3960	1.9e-27	121.2
D4ZHLFP1.10.6724.88661.1	gi|155370093|ref|NC_007804.2|	100.0	54	0	0	1	54	6237	6290	2e-21	100.8
D4ZHLFP1.10.7048.89868.1	gi|9626243|ref|NC_001416.1|	100.0	63	0	0	4	66	7299	7361	2.4e-26	117.5
D4ZHLFP1.10.4435.91721.1	gi|9634119|ref|NC_002166.1|	100.0	64	0	0	1	64	6775	6838	6.6e-27	119.3
D4ZHLFP1.10.9174.93150.1	gi|46401626|ref|NC_005856.1|	100.0	65	0	0	1	65	753	817	1.9e-27	121.2
D4ZHLFP1.10.20925.93461.1	gi|46401626|ref|NC_005856.1|	100.0	72	0	0	1	72	836	907	2.6e-31	134.1
D4ZHLFP1.10.11014.94367.1	gi|9634119|ref|NC_002166.1|	100.0	66	0	0	1	66	2402	2337	5.2e-28	123.0
D4ZHLFP1.10.20582.96112.1	gi|148609382|ref|NC_009514.1|	100.0	68	0	0	1	68	4734	4667	4.2e-29	126.7
D4ZHLFP1.10.12886.97596.1	gi|155370093|ref|NC_007804.2|	100.0	64	0	0	1	64	6651	6588	6.6e-27	119.3
D4ZHLFP1.10.8215.98184.1	gi|148609382|ref|NC_009514.1|	100.0	63	0	0	1	63	3373	3311	2.3e-26	117.5
D4ZHLFP1.10.5169.98638.1	gi|19548987|ref|NC_003444.1|	100.0	73	0	0	1	73	2484	2412	7.5e-32	135.9
D4ZHLFP1.10.9910.98830.1	gi|148609382|ref|NC_009514.1|	100.0	68	0	0	1	68	2221	2288	4.2e-29	126.7
D4ZHLFP1.10.14388.98965.1	gi|155370093|ref|NC_007804.2|	100.0	71	0	0	1	71	5210	5140	9.5e-31	132.2
D4ZHLFP1.10.18588.99474.1	gi|155370093|ref|NC_007804.2|	100.0	65	0	0	1	65	3697	3633	1.9e-27	121.2
D4ZHLFP1.10.6080.104899.1	gi|155370093|ref|NC_007804.2|	100.0	61	0	0	1	61	2986	2926	2.9e-25	113.8
D4ZHLFP1.10.13803.108119.1	gi|46401626|ref|NC_005856.1|	100.0	59	0	0	1	59	1002	1060	3.7e-24	110.1
D4ZHLFP1.10.5609.108773.1	gi|9634119|ref|NC_002166.1|	100.0	65	0	0	7	71	5900	5964	2e-27	121.2
D4ZHLFP1.10.6102.112290.1	gi|9626243|ref|NC_001416.1|	100.0	61	0	0	1	61	6198	6138	2.9e-25	113.8
D4ZHLFP1.10.7678.115663.1	gi|148609382|ref|NC_009514.1|	100.0	57	0	0	6	62	1331	1275	5e-23	106.4
D4ZHLFP1.10.11913.117306.1	gi|155370093|ref|NC_007804.2|	100.0	50	0	0	1	50	2780	2731	3.1e-19	93.5
D4ZHLFP1.10.16307.122916.1	gi|9634155|ref|NC_002167.1|	100.0	66	0	0	1	66	1184	1249	5.2e-28	123.0
D4ZHLFP1.10.18166.123290.1	gi|13559823|ref|NC_002730.1|	100.0	70	0	0	1	70	3258	3189	3.3e-30	130.4
D4ZHLFP1.10.6776.127708.1	gi|148609382|ref|NC_009514.1|	100.0	59	0	0	1	59	3395	3337	3.7e-24	110.1
D4ZHLFP1.10.12326.132324.1	gi|46358648|ref|NC_005841.1|	100.0	76	0	0	1	76	2655	2580	1.7e-33	141.5
D4ZHLFP1.10.9656.138264.1	gi|155370093|ref|NC_007804.2|	100.0	74	0	0	1	74	4015	3942	2.1e-32	137.8
D4ZHLFP1.10.2057.138523.1	gi|9626243|ref|NC_001416.1|	100.0	74	0	0	1	74	4362	4289	2.1e-32	137.8
D4ZHLFP1.10.16388.144224.1	gi|148609382|ref|NC_009514.1|	100.0	65	0	0	1	65	2231	2295	1.9e-27	121.2
D4ZHLFP1.10.4406.146168.1	gi|9627507|ref|NC_001609.1|	100.0	63	0	0	1	63	5845	5907	2.3e-26	117.5
D4ZHLFP1.10.2977.149678.1	gi|9634119|ref|NC_002166.1|	100.0	56	0	0	21	76	3100	3045	2.2e-22	104.5
D4ZHLFP1.10.16597.150122.1	gi|9627507|ref|NC_001609.1|	100.0	54	0	0	1	54	2033	1980	2e-21	100.8
D4ZHLFP1.10.5816.154170.1	gi|155370093|ref|NC_007804.2|	100.0	64	0	0	1	64	1310	1247	6.6e-27	119.3
D4ZHLFP1.10.15279.156907.1	gi|200003956|ref|NC_011222.1|	100.0	70	0	0	1	70	5951	6020	3.3e-30	130.4
D4ZHLFP1.10.15550.156948.1	gi|9626243|ref|NC_001416.1|	100.0	71	0	0	1	71	4162	4092	9.4e-31	132.2
D4ZHLFP1.10.15278.158839.1	gi|209447126|ref|NC_011357.1|	100.0	69	0	0	1	69	1406	1474	1.2e-29	128.5
D4ZHLFP1.10.17304.159441.1	gi|9634119|ref|NC_002166.1|	100.0	54	0	0	4	57	2097	2044	2.8e-21	100.8
D4ZHLFP1.10.2137.160901.1	gi|12084824|ref|NC_002641.1|	100.0	57	0	0	7	63	2355	2299	5e-23	106.4
D4ZHLFP1.10.8089.161986.1	gi|148609382|ref|NC_009514.1|	100.0	59	0	0	1	59	3706	3648	3.7e-24	110.1
D4ZHLFP1.10.15487.162075.1	gi|19548987|ref|NC_003444.1|	100.0	70	0	0	1	70	1181	1250	3.3e-30	130.4
D4ZHLFP1.10.19338.162790.1	gi|155370093|ref|NC_007804.2|	100.0	76	0	0	1	76	5471	5546	1.7e-33	141.5
D4ZHLFP1.10.19993.163271.1	gi|9626243|ref|NC_001416.1|	100.0	72	0	0	1	72	5487	5416	2.7e-31	134.1
D4ZHLFP1.10.2480.165152.1	gi|31044225|ref|NC_004813.1|	100.0	70	0	0	1	70	4487	4556	3.3e-30	130.4
D4ZHLFP1.10.19904.167468.1	gi|148609382|ref|NC_009514.1|	100.0	71	0	0	1	71	1517	1447	9.4e-31	132.2
D4ZHLFP1.10.4862.169626.1	gi|9627507|ref|NC_001609.1|	100.0	65	0	0	1	65	1078	1014	1.9e-27	121.2
D4ZHLFP1.10.9052.169527.1	gi|155370093|ref|NC_007804.2|	100.0	68	0	0	1	68	3933	4000	4.2e-29	126.7
D4ZHLFP1.10.16249.171123.1	gi|302861121|ref|NC_004913.2|	100.0	66	0	0	1	66	5600	5535	5.4e-28	123.0
D4ZHLFP1.10.1399.172469.1	gi|9627507|ref|NC_001609.1|	100.0	61	0	0	2	62	4945	5005	3e-25	113.8
D4ZHLFP1.10.1936.172543.1	gi|209427726|ref|NC_011356.1|	100.0	64	0	0	1	64	6857	6920	6.6e-27	119.3
D4ZHLFP1.10.5894.172582.1	gi|148609382|ref|NC_009514.1|	100.0	59	0	0	1	59	6024	6082	3.7e-24	110.1
D4ZHLFP1.10.20719.173385.1	gi|155370093|ref|NC_007804.2|	100.0	61	0	0	2	62	2484	2424	3e-25	113.8
D4ZHLFP1.10.4622.174237.1	gi|209447126|ref|NC_011357.1|	100.0	67	0	0	1	67	2331	2397	1.5e-28	124.8
D4ZHLFP1.10.13987.175447.1	gi|155370093|ref|NC_007804.2|	100.0	66	0	0	1	66	6214	6279	5.3e-28	123.0
D4ZHLFP1.10.14701.177689.1	gi|46401626|ref|NC_005856.1|	100.0	66	0	0	1	66	857	922	5.2e-28	123.0
D4ZHLFP1.10.2782.178686.1	gi|148609382|ref|NC_009514.1|	100.0	67	0	0	1	67	6726	6660	1.5e-28	124.8
D4ZHLFP1.10.10297.178662.1	gi|9634155|ref|NC_002167.1|	100.0	70	0	0	1	70	1681	1612	3.3e-30	130.4
D4ZHLFP1.10.9988.182155.1	gi|46401626|ref|NC_005856.1|	100.0	80	0	0	1	80	753	832	1e-35	148.9
D4ZHLFP1.10.1950.182937.1	gi|209427726|ref|NC_011356.1|	100.0	64	0	0	1	64	6658	6721	6.6e-27	119.3
D4ZHLFP1.10.4551.189094.1	gi|19548987|ref|NC_003444.1|	100.0	74	0	0	1	74	4856	4783	2.1e-32	137.8
D4ZHLFP1.10.12959.191007.1	gi|148609382|ref|NC_009514.1|	100.0	70	0	0	1	70	4224	4293	3.3e-30	130.4
D4ZHLFP1.10.2300.192662.1	gi|9626243|ref|NC_001416.1|	100.0	59	0	0	1	59	5754	5696	4e-24	110.1
D4ZHLFP1.10.6276.193996.1	gi|9634119|ref|NC_002166.1|	100.0	67	0	0	1	67	2815	2749	1.5e-28	124.8
D4ZHLFP1.10.17535.195995.1	gi|19548987|ref|NC_003444.1|	100.0	56	0	0	3	58	1687	1742	1.7e-22	104.5
D4ZHLFP1.10.9078.197136.1	gi|148609382|ref|NC_009514.1|	100.0	79	0	0	1	79	369	447	3.7e-35	147.0
D4ZHLFP1.10.9240.3003.1	gi|46402086|ref|NC_005857.1|	100.0	58	0	0	1	58	7041	7098	1.3e-23	108.2
D4ZHLFP1.10.19759.3273.1	gi|19548987|ref|NC_003444.1|	100.0	67	0	0	1	67	1739	1805	1.5e-28	124.8
D4ZHLFP1.10.21216.5477.1	gi|155370093|ref|NC_007804.2|	100.0	66	0	0	1	66	1317	1252	5.2e-28	123.0
D4ZHLFP1.10.3708.7357.1	gi|148609382|ref|NC_009514.1|	100.0	68	0	0	1	68	4981	4914	4.2e-29	126.7
D4ZHLFP1.10.2882.8545.1	gi|9627507|ref|NC_001609.1|	100.0	77	0	0	1	77	294	218	4.7e-34	143.3
D4ZHLFP1.10.12909.9503.1	gi|209427726|ref|NC_011356.1|	100.0	55	0	0	1	55	3872	3818	5.8e-22	102.7
D4ZHLFP1.10.13556.9733.1	gi|9627507|ref|NC_001609.1|	100.0	73	0	0	1	73	716	644	7.5e-32	135.9
D4ZHLFP1.10.12669.9863.1	gi|170783609|ref|NC_010237.1|	100.0	65	0	0	3	67	5265	5201	1.9e-27	121.2
D4ZHLFP1.10.13357.11173.1	gi|200003956|ref|NC_011222.1|	100.0	66	0	0	1	66	5951	6016	5.2e-28	123.0
D4ZHLFP1.10.1714.11841.1	gi|20065797|ref|NC_003525.1|	100.0	78	0	0	1	78	5274	5351	1.3e-34	145.2
D4ZHLFP1.10.9187.12467.1	gi|155370093|ref|NC_007804.2|	100.0	75	0	0	1	75	2969	2895	5.9e-33	139.6
D4ZHLFP1.10.13797.13681.1	gi|155370093|ref|NC_007804.2|	100.0	78	0	0	2	79	2261	2184	1.3e-34	145.2
D4ZHLFP1.10.16793.13644.1	gi|10834856|ref|NC_002577.1|	100.0	73	0	0	4	76	6861	6789	7.8e-32	135.9
D4ZHLFP1.10.3046.15860.1	gi|19548987|ref|NC_003444.1|	100.0	71	0	0	1	71	2674	2604	9.4e-31	132.2
D4ZHLFP1.10.14183.16030.1	gi|31044225|ref|NC_004813.1|	100.0	65	0	0	1	65	5273	5337	1.9e-27	121.2
D4ZHLFP1.10.6537.18943.1	gi|209447126|ref|NC_011357.1|	100.0	82	0	0	1	82	283	364	8.3e-37	152.5
D4ZHLFP1.10.12192.18772.1	gi|155370093|ref|NC_007804.2|	100.0	71	0	0	2	72	1989	1919	9.5e-31	132.2
D4ZHLFP1.10.10655.20152.1	gi|148609382|ref|NC_009514.1|	100.0	72	0	0	1	72	3915	3844	2.6e-31	134.1
D4ZHLFP1.10.6047.20400.1	gi|148609382|ref|NC_009514.1|	100.0	81	0	0	1	81	708	628	3e-36	150.7
D4ZHLFP1.10.8228.21675.1	gi|155370093|ref|NC_007804.2|	100.0	65	0	0	1	65	4984	4920	1.9e-27	121.2
D4ZHLFP1.10.10953.24440.1	gi|155370093|ref|NC_007804.2|	100.0	59	0	0	1	59	4142	4084	3.7e-24	110.1
D4ZHLFP1.10.4154.24789.1	gi|9626243|ref|NC_001416.1|	100.0	71	0	0	1	71	6724	6794	9.5e-31	132.2
D4ZHLFP1.10.10207.25113.1	gi|9626243|ref|NC_001416.1|	100.0	73	0	0	1	73	4308	4236	7.5e-32	135.9
D4ZHLFP1.10.20007.27403.1	gi|148609382|ref|NC_009514.1|	100.0	66	0	0	1	66	5681	5616	5.2e-28	123.0
D4ZHLFP1.10.13068.27912.1	gi|9626243|ref|NC_001416.1|	100.0	76	0	0	4	79	2304	2229	1.7e-33	141.5
D4ZHLFP1.10.11367.28841.1	gi|9626243|ref|NC_001416.1|	100.0	72	0	0	1	72	4005	3934	2.6e-31	134.1
D4ZHLFP1.10.19541.32121.1	gi|46401626|ref|NC_005856.1|	100.0	76	0	0	2	77	759	834	1.7e-33	141.5
D4ZHLFP1.10.4554.33165.1	gi|9626243|ref|NC_001416.1|	100.0	70	0	0	1	70	2885	2954	3.3e-30	130.4
D4ZHLFP1.10.15188.34547.1	gi|9626243|ref|NC_001416.1|	100.0	55	0	0	3	57	5179	5233	6e-22	102.7
D4ZHLFP1.10.2646.35364.1	gi|9626243|ref|NC_001416.1|	100.0	68	0	0	1	68	2185	2252	4.2e-29	126.7
D4ZHLFP1.10.2079.36932.1	gi|19548987|ref|NC_003444.1|	100.0	64	0	0	1	64	4855	4792	6.6e-27	119.3
D4ZHLFP1.10.3877.38799.1	gi|9626243|ref|NC_001416.1|	100.0	58	0	0	1	58	1105	1162	1.3e-23	108.2
D4ZHLFP1.10.4641.40662.1	gi|9626243|ref|NC_001416.1|	100.0	72	0	0	1	72	4355	4284	2.6e-31	134.1
D4ZHLFP1.10.9181.42839.1	gi|155370093|ref|NC_007804.2|	100.0	68	0	0	1	68	1140	1073	4.2e-29	126.7
D4ZHLFP1.10.20271.42877.1	gi|148609382|ref|NC_009514.1|	100.0	66	0	0	1	66	7323	7388	5.5e-28	123.0
D4ZHLFP1.10.14007.43908.1	gi|209447126|ref|NC_011357.1|	100.0	62	0	0	1	62	408	469	8.2e-26	115.6
D4ZHLFP1.10.14334.45739.1	gi|9626243|ref|NC_001416.1|	100.0	60	0	0	1	60	1304	1245	1e-24	111.9
D4ZHLFP1.10.14836.46491.1	gi|9626243|ref|NC_001416.1|	100.0	70	0	0	2	71	2051	1982	3.4e-30	130.4
D4ZHLFP1.10.8143.48695.1	gi|19548987|ref|NC_003444.1|	100.0	66	0	0	3	68	3418	3353	5.4e-28	123.0
D4ZHLFP1.10.13041.48900.1	gi|148609382|ref|NC_009514.1|	100.0	76	0	0	1	76	1760	1835	1.7e-33	141.5
D4ZHLFP1.10.15379.49782.1	gi|155370093|ref|NC_007804.2|	100.0	65	0	0	1	65	4332	4396	1.9e-27	121.2
D4ZHLFP1.10.1797.51039.1	gi|116221992|ref|NC_008464.1|	100.0	69	0	0	1	69	7168	7236	1.2e-29	128.5
D4ZHLFP1.10.6156.53719.1	gi|9634119|ref|NC_002166.1|	100.0	74	0	0	1	74	3069	2996	2.1e-32	137.8
D4ZHLFP1.10.5778.54050.1	gi|221328618|ref|NC_011976.1|	100.0	77	0	0	1	77	1594	1670	4.7e-34	143.3
D4ZHLFP1.10.9224.54090.1	gi|148609382|ref|NC_009514.1|	100.0	80	0	0	1	80	5305	5384	1e-35	148.9
D4ZHLFP1.10.20264.55197.1	gi|148609382|ref|NC_009514.1|	100.0	66	0	0	5	70	309	244	5.6e-28	123.0
D4ZHLFP1.10.8990.63352.1	gi|148609382|ref|NC_009514.1|	100.0	58	0	0	1	58	1873	1930	1.3e-23	108.2
D4ZHLFP1.10.3878.65768.1	gi|13559823|ref|NC_002730.1|	100.0	53	0	0	1	53	6888	6940	7.1e-21	99.0
D4ZHLFP1.10.18496.67199.1	gi|9632466|ref|NC_000924.1|	100.0	65	0	0	1	65	610	546	1.9e-27	121.2
D4ZHLFP1.10.7206.67341.1	gi|200003956|ref|NC_011222.1|	100.0	61	0	0	1	61	5420	5480	3e-25	113.8
D4ZHLFP1.10.1522.68341.1	gi|9626243|ref|NC_001416.1|	100.0	62	0	0	7	68	5332	5271	9e-26	115.6
D4ZHLFP1.10.12315.71684.1	gi|148609382|ref|NC_009514.1|	100.0	68	0	0	1	68	3854	3787	4.2e-29	126.7
D4ZHLFP1.10.18529.72871.1	gi|9626243|ref|NC_001416.1|	100.0	65	0	0	1	65	3441	3377	1.9e-27	121.2
D4ZHLFP1.10.8223.74162.1	gi|148609382|ref|NC_009514.1|	100.0	70	0	0	1	70	2852	2921	3.3e-30	130.4
D4ZHLFP1.10.16195.75332.1	gi|9627507|ref|NC_001609.1|	100.0	70	0	0	1	70	6977	7046	3.3e-30	130.4
D4ZHLFP1.10.1989.75774.1	gi|155370093|ref|NC_007804.2|	100.0	73	0	0	1	73	4335	4407	7.5e-32	135.9
D4ZHLFP1.10.14167.76739.1	gi|9626243|ref|NC_001416.1|	100.0	62	0	0	3	64	6632	6571	8.5e-26	115.6
D4ZHLFP1.10.15210.78162.1	gi|302393080|ref|NC_004914.2|	100.0	61	0	0	1	61	587	647	2.9e-25	113.8
D4ZHLFP1.10.14759.80286.1	gi|9634119|ref|NC_002166.1|	100.0	52	0	0	9	60	798	747	2.9e-20	97.1
D4ZHLFP1.10.5859.83699.1	gi|46401626|ref|NC_005856.1|	100.0	77	0	0	1	77	766	842	4.7e-34	143.3
D4ZHLFP1.10.14814.84141.1	gi|9626243|ref|NC_001416.1|	100.0	67	0	0	1	67	5958	6024	1.5e-28	124.8
D4ZHLFP1.10.11379.84981.1	gi|155370093|ref|NC_007804.2|	100.0	65	0	0	1	65	6607	6543	1.9e-27	121.2
D4ZHLFP1.10.3355.86523.1	gi|9634119|ref|NC_002166.1|	100.0	61	0	0	1	61	3065	3005	2.9e-25	113.8
D4ZHLFP1.10.18551.87176.1	gi|10834856|ref|NC_002577.1|	100.0	78	0	0	4	81	6861	6784	1.4e-34	145.2
D4ZHLFP1.10.11111.90850.1	gi|228861315|ref|NC_012638.1|	100.0	77	0	0	6	82	1771	1847	5e-34	143.3
D4ZHLFP1.10.18954.92204.1	gi|302393080|ref|NC_004914.2|	100.0	66	0	0	1	66	4602	4537	5.2e-28	123.0
D4ZHLFP1.10.9316.93479.1	gi|155370093|ref|NC_007804.2|	100.0	58	0	0	1	58	2099	2156	1.3e-23	108.2
D4ZHLFP1.10.9960.93328.1	gi|148609382|ref|NC_009514.1|	100.0	63	0	0	1	63	2119	2181	2.3e-26	117.5
D4ZHLFP1.10.14595.101414.1	gi|200003956|ref|NC_011222.1|	100.0	69	0	0	1	69	5946	6014	1.2e-29	128.5
D4ZHLFP1.10.5884.104635.1	gi|155370093|ref|NC_007804.2|	100.0	62	0	0	1	62	5001	5062	8.2e-26	115.6
D4ZHLFP1.10.16877.105463.1	gi|155370093|ref|NC_007804.2|	100.0	69	0	0	1	69	1169	1101	1.2e-29	128.5
D4ZHLFP1.10.6990.110677.1	gi|155370093|ref|NC_007804.2|	100.0	68	0	0	3	70	5664	5597	4.3e-29	126.7
D4ZHLFP1.10.7585.110760.1	gi|148609382|ref|NC_009514.1|	100.0	58	0	0	1	58	3907	3850	1.3e-23	108.2
D4ZHLFP1.10.9570.112494.1	gi|302393080|ref|NC_004914.2|	100.0	58	0	0	1	58	676	619	1.3e-23	108.2
D4ZHLFP1.10.13295.112413.1	gi|155370093|ref|NC_007804.2|	100.0	66	0	0	1	66	5654	5719	5.2e-28	123.0
D4ZHLFP1.10.19581.119732.1	gi|148609382|ref|NC_009514.1|	100.0	66	0	0	1	66	4182	4117	5.2e-28	123.0
D4ZHLFP1.10.3789.119969.1	gi|148609382|ref|NC_009514.1|	100.0	74	0	0	1	74	5318	5245	2.1e-32	137.8
D4ZHLFP1.10.4785.123552.1	gi|46402086|ref|NC_005857.1|	100.0	72	0	0	1	72	3895	3966	2.6e-31	134.1
D4ZHLFP1.10.17023.126089.1	gi|9626243|ref|NC_001416.1|	100.0	67	0	0	1	67	5496	5430	1.5e-28	124.8
D4ZHLFP1.10.1425.129181.1	gi|9626243|ref|NC_001416.1|	100.0	58	0	0	1	58	5682	5739	1.3e-23	108.2
D4ZHLFP1.10.13483.130635.1	gi|9634119|ref|NC_002166.1|	100.0	68	0	0	1	68	2909	2842	4.2e-29	126.7
D4ZHLFP1.10.9145.131689.1	gi|148609382|ref|NC_009514.1|	100.0	69	0	0	1	69	4011	4079	1.2e-29	128.5
D4ZHLFP1.10.14007.135952.1	gi|148609382|ref|NC_009514.1|	100.0	67	0	0	1	67	4661	4595	1.5e-28	124.8
D4ZHLFP1.10.10661.138887.1	gi|46402086|ref|NC_005857.1|	100.0	71	0	0	1	71	3111	3181	9.4e-31	132.2
D4ZHLFP1.10.8194.139793.1	gi|9626243|ref|NC_001416.1|	100.0	64	0	0	3	66	5350	5287	6.9e-27	119.3
D4ZHLFP1.10.12238.140726.1	gi|46358648|ref|NC_005841.1|	100.0	65	0	0	1	65	1614	1550	1.9e-27	121.2
D4ZHLFP1.10.5911.141307.1	gi|148609382|ref|NC_009514.1|	100.0	68	0	0	1	68	6323	6390	4.4e-29	126.7
D4ZHLFP1.10.6581.141558.1	gi|19548987|ref|NC_003444.1|	100.0	74	0	0	1	74	6880	6807	2.2e-32	137.8
D4ZHLFP1.10.13317.143155.1	gi|9626243|ref|NC_001416.1|	100.0	58	0	0	8	65	886	829	1.4e-23	108.2
D4ZHLFP1.10.3516.143551.1	gi|9627507|ref|NC_001609.1|	100.0	56	0	0	1	56	4737	4792	1.6e-22	104.5
D4ZHLFP1.10.14333.145084.1	gi|148609382|ref|NC_009514.1|	100.0	59	0	0	1	59	1666	1608	3.7e-24	110.1
D4ZHLFP1.10.7618.145608.1	gi|148609382|ref|NC_009514.1|	100.0	81	0	0	1	81	3568	3648	3e-36	150.7
D4ZHLFP1.10.10758.145658.1	gi|19548987|ref|NC_003444.1|	100.0	55	0	0	2	56	2690	2744	5.8e-22	102.7
D4ZHLFP1.10.20529.145885.1	gi|9626243|ref|NC_001416.1|	100.0	68	0	0	1	68	7315	7248	4.2e-29	126.7
D4ZHLFP1.10.20541.149160.1	gi|9634119|ref|NC_002166.1|	100.0	57	0	0	1	57	3028	2972	4.6e-23	106.4
D4ZHLFP1.10.15322.150048.1	gi|9626243|ref|NC_001416.1|	100.0	64	0	0	1	64	5961	6024	6.8e-27	119.3
D4ZHLFP1.10.16140.150040.1	gi|31044225|ref|NC_004813.1|	100.0	76	0	0	1	76	5312	5387	1.7e-33	141.5
D4ZHLFP1.10.8679.151758.1	gi|9626243|ref|NC_001416.1|	100.0	69	0	0	1	69	6783	6715	1.2e-29	128.5
D4ZHLFP1.10.13902.152157.1	gi|9626243|ref|NC_001416.1|	100.0	51	0	0	1	51	1588	1538	8.8e-20	95.3
D4ZHLFP1.10.5294.153888.1	gi|46401626|ref|NC_005856.1|	100.0	70	0	0	1	70	808	877	3.3e-30	130.4
D4ZHLFP1.10.7460.158637.1	gi|148609382|ref|NC_009514.1|	100.0	54	0	0	1	54	526	579	2e-21	100.8
D4ZHLFP1.10.7384.163908.1	gi|9626243|ref|NC_001416.1|	100.0	65	0	0	3	67	7172	7108	1.9e-27	121.2
D4ZHLFP1.10.11280.163953.1	gi|148609382|ref|NC_009514.1|	100.0	71	0	0	2	72	3559	3629	9.5e-31	132.2
D4ZHLFP1.10.20409.164672.1	gi|46402086|ref|NC_005857.1|	100.0	68	0	0	1	68	2833	2900	4.3e-29	126.7
D4ZHLFP1.10.5265.164929.1	gi|155370093|ref|NC_007804.2|	100.0	64	0	0	1	64	7146	7083	6.6e-27	119.3
D4ZHLFP1.10.8877.167222.1	gi|148609382|ref|NC_009514.1|	100.0	70	0	0	1	70	3649	3718	3.3e-30	130.4
D4ZHLFP1.10.12029.167054.1	gi|9626243|ref|NC_001416.1|	100.0	64	0	0	1	64	6571	6508	6.6e-27	119.3
D4ZHLFP1.10.17836.169646.1	gi|200003956|ref|NC_011222.1|	100.0	75	0	0	1	75	5946	6020	5.9e-33	139.6
D4ZHLFP1.10.19135.174378.1	gi|9634119|ref|NC_002166.1|	100.0	67	0	0	1	67	3099	3033	1.5e-28	124.8
D4ZHLFP1.10.13463.174633.1	gi|9626243|ref|NC_001416.1|	100.0	62	0	0	1	62	4934	4995	8.2e-26	115.6
D4ZHLFP1.10.14568.174662.1	gi|148609382|ref|NC_009514.1|	100.0	70	0	0	1	70	670	601	3.3e-30	130.4
D4ZHLFP1.10.17155.177698.1	gi|9626243|ref|NC_001416.1|	100.0	51	0	0	2	52	729	779	9e-20	95.3
D4ZHLFP1.10.10511.177811.1	gi|155370093|ref|NC_007804.2|	100.0	69	0	0	4	72	2517	2449	1.2e-29	128.5
D4ZHLFP1.10.2026.179337.1	gi|9626243|ref|NC_001416.1|	100.0	78	0	0	1	78	2763	2686	1.3e-34	145.2
D4ZHLFP1.10.9429.181227.1	gi|221328618|ref|NC_011976.1|	100.0	70	0	0	1	70	2811	2742	3.3e-30	130.4
D4ZHLFP1.10.3405.183090.1	gi|116221992|ref|NC_008464.1|	100.0	64	0	0	1	64	305	368	6.6e-27	119.3
D4ZHLFP1.10.8593.183673.1	gi|9626243|ref|NC_001416.1|	100.0	62	0	0	3	64	5755	5694	8.5e-26	115.6
D4ZHLFP1.10.15369.184455.1	gi|46401626|ref|NC_005856.1|	100.0	83	0	0	1	83	967	1049	2.3e-37	154.4
D4ZHLFP1.10.15538.185089.1	gi|209447126|ref|NC_011357.1|	100.0	72	0	0	1	72	7142	7213	2.6e-31	134.1
D4ZHLFP1.10.2576.186755.1	gi|148609382|ref|NC_009514.1|	100.0	69	0	0	1	69	3574	3506	1.2e-29	128.5
D4ZHLFP1.10.13578.188421.1	gi|9634119|ref|NC_002166.1|	100.0	72	0	0	2	73	3084	3013	2.7e-31	134.1
D4ZHLFP1.10.15337.190056.1	gi|116221992|ref|NC_008464.1|	100.0	60	0	0	1	60	1466	1525	1e-24	111.9
D4ZHLFP1.10.12740.191442.1	gi|148609382|ref|NC_009514.1|	100.0	73	0	0	1	73	3310	3382	7.5e-32	135.9
D4ZHLFP1.10.10280.192921.1	gi|148609382|ref|NC_009514.1|	100.0	71	0	0	1	71	122	52	9.4e-31	132.2
D4ZHLFP1.10.20399.195757.1	gi|155370093|ref|NC_007804.2|	100.0	54	0	0	1	54	4549	4602	2.6e-21	100.8
D4ZHLFP1.10.14623.196724.1	gi|155370093|ref|NC_007804.2|	100.0	70	0	0	1	70	4663	4594	3.3e-30	130.4
D4ZHLFP1.10.16609.198366.1	gi|46402086|ref|NC_005857.1|	100.0	61	0	0	1	61	6365	6425	2.9e-25	113.8
D4ZHLFP1.10.15746.198653.1	gi|200003956|ref|NC_011222.1|	100.0	58	0	0	1	58	5423	5480	1.5e-23	108.2
D4ZHLFP1.10.11302.3657.1	gi|155370093|ref|NC_007804.2|	100.0	82	0	0	1	82	5758	5839	8.3e-37	152.5
D4ZHLFP1.10.18988.6979.1	gi|148609382|ref|NC_009514.1|	100.0	64	0	0	1	64	2630	2693	6.6e-27	119.3
D4ZHLFP1.10.11821.8416.1	gi|19548987|ref|NC_003444.1|	100.0	78	0	0	1	78	1919	1996	1.3e-34	145.2
D4ZHLFP1.10.17203.9370.1	gi|9634119|ref|NC_002166.1|	100.0	73	0	0	1	73	2879	2807	7.5e-32	135.9
D4ZHLFP1.10.13026.9968.1	gi|148609382|ref|NC_009514.1|	100.0	68	0	0	1	68	6597	6530	4.2e-29	126.7
D4ZHLFP1.10.16978.11817.1	gi|9626243|ref|NC_001416.1|	100.0	67	0	0	1	67	1416	1350	1.5e-28	124.8
D4ZHLFP1.10.15863.12228.1	gi|9627507|ref|NC_001609.1|	100.0	73	0	0	1	73	5874	5946	7.6e-32	135.9
D4ZHLFP1.10.6611.15807.1	gi|46402086|ref|NC_005857.1|	100.0	58	0	0	1	58	3908	3965	1.3e-23	108.2
D4ZHLFP1.10.11963.16075.1	gi|155370093|ref|NC_007804.2|	100.0	56	0	0	1	56	6178	6233	1.7e-22	104.5
D4ZHLFP1.10.11579.17119.1	gi|9626243|ref|NC_001416.1|	100.0	66	0	0	1	66	1476	1541	5.3e-28	123.0
D4ZHLFP1.10.13778.20190.1	gi|148609382|ref|NC_009514.1|	100.0	70	0	0	1	70	2178	2247	3.3e-30	130.4
D4ZHLFP1.10.10567.20401.1	gi|148609382|ref|NC_009514.1|	100.0	59	0	0	1	59	3347	3289	3.7e-24	110.1
D4ZHLFP1.10.9523.20927.1	gi|155370093|ref|NC_007804.2|	100.0	51	0	0	1	51	1917	1867	8.8e-20	95.3
D4ZHLFP1.10.16872.24694.1	gi|155370093|ref|NC_007804.2|	100.0	64	0	0	1	64	6719	6782	6.6e-27	119.3
D4ZHLFP1.10.10125.29603.1	gi|200003956|ref|NC_011222.1|	100.0	58	0	0	1	58	5423	5480	1.5e-23	108.2
D4ZHLFP1.10.16898.32925.1	gi|9626243|ref|NC_001416.1|	100.0	57	0	0	1	57	2285	2229	4.6e-23	106.4
D4ZHLFP1.10.15120.33973.1	gi|23505445|ref|NC_004313.1|	100.0	72	0	0	1	72	3604	3675	2.6e-31	134.1
D4ZHLFP1.10.9899.34490.1	gi|9634155|ref|NC_002167.1|	100.0	60	0	0	1	60	709	650	1.1e-24	111.9
D4ZHLFP1.10.8654.34617.1	gi|209447126|ref|NC_011357.1|	100.0	71	0	0	1	71	3686	3756	9.5e-31	132.2
D4ZHLFP1.10.17303.34895.1	gi|46401626|ref|NC_005856.1|	100.0	73	0	0	1	73	809	881	7.5e-32	135.9
D4ZHLFP1.10.6766.36144.1	gi|46401626|ref|NC_005856.1|	100.0	68	0	0	1	68	837	904	4.4e-29	126.7
D4ZHLFP1.10.7112.36990.1	gi|148609382|ref|NC_009514.1|	100.0	70	0	0	1	70	2877	2808	3.3e-30	130.4
D4ZHLFP1.10.10904.40081.1	gi|148609382|ref|NC_009514.1|	100.0	72	0	0	1	72	3886	3815	2.6e-31	134.1
D4ZHLFP1.10.6122.40768.1	gi|148609382|ref|NC_009514.1|	100.0	64	0	0	1	64	3574	3511	6.6e-27	119.3
D4ZHLFP1.10.5739.41137.1	gi|125745044|ref|NC_002229.3|	100.0	59	0	0	6	64	124	182	4e-24	110.1
D4ZHLFP1.10.7936.42656.1	gi|148609382|ref|NC_009514.1|	100.0	78	0	0	1	78	889	966	1.3e-34	145.2
D4ZHLFP1.10.5968.43859.1	gi|209447126|ref|NC_011357.1|	100.0	52	0	0	1	52	5932	5881	3.1e-20	97.1
D4ZHLFP1.10.2728.46960.1	gi|148609382|ref|NC_009514.1|	100.0	67	0	0	1	67	6673	6607	1.5e-28	124.8
D4ZHLFP1.10.21076.48668.1	gi|200003956|ref|NC_011222.1|	100.0	69	0	0	1	69	5971	6039	1.2e-29	128.5
D4ZHLFP1.10.20097.50136.1	gi|19548987|ref|NC_003444.1|	100.0	55	0	0	1	55	2614	2668	5.8e-22	102.7
D4ZHLFP1.10.19066.51407.1	gi|41057278|ref|NC_005344.1|	100.0	66	0	0	1	66	3233	3298	5.2e-28	123.0
D4ZHLFP1.10.13492.52991.1	gi|9626243|ref|NC_001416.1|	100.0	70	0	0	1	70	6786	6717	3.3e-30	130.4
D4ZHLFP1.10.11386.58969.1	gi|155370093|ref|NC_007804.2|	100.0	73	0	0	1	73	5767	5839	7.5e-32	135.9
D4ZHLFP1.10.12345.65098.1	gi|9634155|ref|NC_002167.1|	100.0	59	0	0	1	59	1468	1410	3.7e-24	110.1
D4ZHLFP1.10.8692.65374.1	gi|9626243|ref|NC_001416.1|	100.0	82	0	0	1	82	7172	7091	8.3e-37	152.5
D4ZHLFP1.10.11914.68602.1	gi|155370093|ref|NC_007804.2|	100.0	66	0	0	1	66	1990	1925	5.2e-28	123.0
D4ZHLFP1.10.12360.68648.1	gi|9634119|ref|NC_002166.1|	100.0	70	0	0	3	72	1191	1122	3.4e-30	130.4
D4ZHLFP1.10.12411.69470.1	gi|155370093|ref|NC_007804.2|	100.0	69	0	0	1	69	7238	7306	1.2e-29	128.5
D4ZHLFP1.10.5421.69732.1	gi|46401626|ref|NC_005856.1|	100.0	72	0	0	2	73	1114	1185	2.8e-31	134.1
D4ZHLFP1.10.10625.70228.1	gi|9632466|ref|NC_000924.1|	100.0	62	0	0	1	62	6324	6385	8.4e-26	115.6
D4ZHLFP1.10.6528.88064.1	gi|155370093|ref|NC_007804.2|	100.0	76	0	0	1	76	6558	6483	1.7e-33	141.5
D4ZHLFP1.10.12890.89910.1	gi|46401626|ref|NC_005856.1|	100.0	64	0	0	1	64	802	865	6.6e-27	119.3
D4ZHLFP1.10.4186.90146.1	gi|148609382|ref|NC_009514.1|	100.0	64	0	0	1	64	4645	4582	6.6e-27	119.3
D4ZHLFP1.10.9638.90779.1	gi|155370093|ref|NC_007804.2|	100.0	54	0	0	1	54	1706	1653	2e-21	100.8
D4ZHLFP1.10.17787.90972.1	gi|9633396|ref|NC_000902.1|	100.0	67	0	0	1	67	7095	7161	1.5e-28	124.8
D4ZHLFP1.10.13852.95419.1	gi|9634119|ref|NC_002166.1|	100.0	60	0	0	1	60	3032	2973	1e-24	111.9
D4ZHLFP1.10.1754.95875.1	gi|46401626|ref|NC_005856.1|	100.0	65	0	0	1	65	556	620	1.9e-27	121.2
D4ZHLFP1.10.12581.103360.1	gi|9634119|ref|NC_002166.1|	100.0	70	0	0	2	71	2186	2117	3.4e-30	130.4
D4ZHLFP1.10.17474.103455.1	gi|148609382|ref|NC_009514.1|	100.0	76	0	0	1	76	1779	1704	1.7e-33	141.5
D4ZHLFP1.10.1931.105770.1	gi|209427726|ref|NC_011356.1|	100.0	71	0	0	2	72	7464	7394	9.9e-31	132.2
D4ZHLFP1.10.5162.110090.1	gi|148609382|ref|NC_009514.1|	100.0	70	0	0	2	71	988	1057	3.4e-30	130.4
D4ZHLFP1.10.8509.111038.1	gi|9627507|ref|NC_001609.1|	100.0	57	0	0	3	59	1126	1070	4.7e-23	106.4
D4ZHLFP1.10.13633.117652.1	gi|9626243|ref|NC_001416.1|	100.0	65	0	0	1	65	4162	4098	1.9e-27	121.2
D4ZHLFP1.10.14402.119992.1	gi|148609382|ref|NC_009514.1|	100.0	79	0	0	1	79	7090	7012	3.7e-35	147.0
D4ZHLFP1.10.10280.125542.1	gi|41057278|ref|NC_005344.1|	100.0	66	0	0	1	66	5823	5758	5.2e-28	123.0
D4ZHLFP1.10.11929.126120.1	gi|9634155|ref|NC_002167.1|	100.0	72	0	0	2	73	748	677	2.7e-31	134.1
D4ZHLFP1.10.9223.126298.1	gi|155370093|ref|NC_007804.2|	100.0	72	0	0	1	72	1484	1413	2.6e-31	134.1
D4ZHLFP1.10.7498.127824.1	gi|148609382|ref|NC_009514.1|	100.0	64	0	0	1	64	5439	5502	6.6e-27	119.3
D4ZHLFP1.10.6983.128678.1	gi|148609382|ref|NC_009514.1|	100.0	74	0	0	1	74	1958	2031	2.1e-32	137.8
D4ZHLFP1.10.8998.129752.1	gi|9626243|ref|NC_001416.1|	100.0	59	0	0	1	59	5347	5289	3.8e-24	110.1
D4ZHLFP1.10.15972.130070.1	gi|148609382|ref|NC_009514.1|	100.0	66	0	0	1	66	3199	3134	5.3e-28	123.0
D4ZHLFP1.10.19517.132873.1	gi|148609382|ref|NC_009514.1|	100.0	75	0	0	2	76	6671	6597	6e-33	139.6
D4ZHLFP1.10.5651.133613.1	gi|9626243|ref|NC_001416.1|	100.0	66	0	0	1	66	1795	1730	5.2e-28	123.0
D4ZHLFP1.10.13460.136318.1	gi|209447126|ref|NC_011357.1|	100.0	70	0	0	1	70	5513	5582	3.3e-30	130.4
D4ZHLFP1.10.9606.140928.1	gi|41057278|ref|NC_005344.1|	100.0	66	0	0	1	66	4098	4033	5.2e-28	123.0
D4ZHLFP1.10.1492.147144.1	gi|148609382|ref|NC_009514.1|	100.0	72	0	0	1	72	4416	4345	2.6e-31	134.1
D4ZHLFP1.10.21276.152602.1	gi|209447126|ref|NC_011357.1|	100.0	60	0	0	2	61	1467	1526	1e-24	111.9
D4ZHLFP1.10.18763.154340.1	gi|148609382|ref|NC_009514.1|	100.0	69	0	0	1	69	3201	3133	1.2e-29	128.5
D4ZHLFP1.10.6195.154597.1	gi|46401626|ref|NC_005856.1|	100.0	73	0	0	1	73	754	826	7.5e-32	135.9
D4ZHLFP1.10.6125.155101.1	gi|19548987|ref|NC_003444.1|	100.0	79	0	0	1	79	2030	2108	3.7e-35	147.0
D4ZHLFP1.10.17284.157490.1	gi|9627507|ref|NC_001609.1|	100.0	72	0	0	1	72	6971	7042	2.6e-31	134.1
D4ZHLFP1.10.15360.159709.1	gi|9626243|ref|NC_001416.1|	100.0	66	0	0	1	66	2828	2893	5.2e-28	123.0
D4ZHLFP1.10.12831.160136.1	gi|155370093|ref|NC_007804.2|	100.0	61	0	0	1	61	6818	6878	2.9e-25	113.8
D4ZHLFP1.10.7512.160447.1	gi|155370093|ref|NC_007804.2|	100.0	61	0	0	1	61	7077	7017	2.9e-25	113.8
D4ZHLFP1.10.2128.163637.1	gi|155370093|ref|NC_007804.2|	100.0	61	0	0	1	61	1767	1827	2.9e-25	113.8
D4ZHLFP1.10.20205.165307.1	gi|148609382|ref|NC_009514.1|	100.0	57	0	0	1	57	2940	2884	4.6e-23	106.4
D4ZHLFP1.10.1809.166560.1	gi|155370093|ref|NC_007804.2|	100.0	65	0	0	1	65	2706	2770	1.9e-27	121.2
D4ZHLFP1.10.15513.167063.1	gi|155370093|ref|NC_007804.2|	100.0	67	0	0	1	67	3683	3617	1.5e-28	124.8
D4ZHLFP1.10.5531.170712.1	gi|9626243|ref|NC_001416.1|	100.0	52	0	0	2	53	4437	4386	2.6e-20	97.1
D4ZHLFP1.10.16432.175026.1	gi|200003956|ref|NC_011222.1|	100.0	76	0	0	1	76	5956	6031	1.7e-33	141.5
D4ZHLFP1.10.7055.177617.1	gi|330858525|ref|NC_015457.1|	100.0	53	0	0	1	53	6768	6716	1.1e-20	99.0
D4ZHLFP1.10.8084.179304.1	gi|155370093|ref|NC_007804.2|	100.0	77	0	0	1	77	3039	2963	4.7e-34	143.3
D4ZHLFP1.10.15822.181908.1	gi|148609382|ref|NC_009514.1|	100.0	83	0	0	1	83	6005	6087	2.3e-37	154.4
D4ZHLFP1.10.6367.182096.1	gi|148609382|ref|NC_009514.1|	100.0	74	0	0	1	74	1112	1039	2.1e-32	137.8
D4ZHLFP1.10.9347.185700.1	gi|155370093|ref|NC_007804.2|	100.0	59	0	0	1	59	3604	3546	3.7e-24	110.1
D4ZHLFP1.10.17101.186061.1	gi|148609382|ref|NC_009514.1|	100.0	76	0	0	1	76	3797	3722	1.7e-33	141.5
D4ZHLFP1.10.14781.186960.1	gi|155370093|ref|NC_007804.2|	100.0	80	0	0	1	80	7062	6983	1e-35	148.9
D4ZHLFP1.10.15415.192957.1	gi|155370093|ref|NC_007804.2|	100.0	56	0	0	1	56	232	177	1.6e-22	104.5
D4ZHLFP1.10.2604.199047.1	gi|148609382|ref|NC_009514.1|	100.0	69	0	0	1	69	873	941	1.2e-29	128.5
D4ZHLFP1.10.18860.9154.1	gi|46401626|ref|NC_005856.1|	100.0	76	0	0	1	76	1128	1203	1.7e-33	141.5
D4ZHLFP1.10.11580.9296.1	gi|209447126|ref|NC_011357.1|	100.0	65	0	0	1	65	1191	1255	1.9e-27	121.2
D4ZHLFP1.10.16398.16608.1	gi|148609382|ref|NC_009514.1|	100.0	65	0	0	1	65	2640	2576	1.9e-27	121.2
D4ZHLFP1.10.19230.17003.1	gi|9634119|ref|NC_002166.1|	100.0	71	0	0	1	71	5955	5885	9.4e-31	132.2
D4ZHLFP1.10.2097.18070.1	gi|51874225|ref|NC_001716.2|	100.0	50	0	0	15	64	7259	7210	4.2e-19	93.5
D4ZHLFP1.10.3771.18586.1	gi|148609382|ref|NC_009514.1|	100.0	80	0	0	1	80	2178	2257	1e-35	148.9
D4ZHLFP1.10.14434.21871.1	gi|46401626|ref|NC_005856.1|	100.0	67	0	0	1	67	831	897	1.5e-28	124.8
D4ZHLFP1.10.5416.22436.1	gi|9626243|ref|NC_001416.1|	100.0	74	0	0	1	74	3069	3142	2.1e-32	137.8
D4ZHLFP1.10.10362.25183.1	gi|148609382|ref|NC_009514.1|	100.0	73	0	0	1	73	6592	6520	7.5e-32	135.9
D4ZHLFP1.10.17227.25123.1	gi|13559823|ref|NC_002730.1|	100.0	79	0	0	4	82	5286	5364	3.9e-35	147.0
D4ZHLFP1.10.19406.27090.1	gi|46401626|ref|NC_005856.1|	100.0	69	0	0	1	69	855	923	1.2e-29	128.5
D4ZHLFP1.10.8811.28301.1	gi|148609382|ref|NC_009514.1|	100.0	69	0	0	1	69	5476	5544	1.2e-29	128.5
D4ZHLFP1.10.1242.30464.1	gi|155370093|ref|NC_007804.2|	100.0	66	0	0	1	66	5210	5145	5.2e-28	123.0
D4ZHLFP1.10.15914.30656.1	gi|41057278|ref|NC_005344.1|	100.0	73	0	0	1	73	622	550	7.5e-32	135.9
D4ZHLFP1.10.6796.31226.1	gi|9627507|ref|NC_001609.1|	100.0	60	0	0	1	60	7367	7426	1e-24	111.9
D4ZHLFP1.10.4549.32137.1	gi|148609382|ref|NC_009514.1|	100.0	71	0	0	1	71	3710	3780	9.4e-31	132.2
D4ZHLFP1.10.1713.34937.1	gi|9626243|ref|NC_001416.1|	100.0	72	0	0	1	72	3091	3020	2.7e-31	134.1
D4ZHLFP1.10.6472.35184.1	gi|148609382|ref|NC_009514.1|	100.0	57	0	0	1	57	4166	4222	4.6e-23	106.4
D4ZHLFP1.10.9464.38695.1	gi|148609382|ref|NC_009514.1|	100.0	77	0	0	1	77	7346	7422	4.7e-34	143.3
D4ZHLFP1.10.7785.40298.1	gi|148609382|ref|NC_009514.1|	100.0	73	0	0	1	73	3183	3111	7.5e-32	135.9
D4ZHLFP1.10.5688.42930.1	gi|9633396|ref|NC_000902.1|	100.0	61	0	0	1	61	3146	3086	3e-25	113.8
D4ZHLFP1.10.5116.44673.1	gi|41057278|ref|NC_005344.1|	100.0	69	0	0	1	69	4178	4246	1.2e-29	128.5
D4ZHLFP1.10.20216.48975.1	gi|148609382|ref|NC_009514.1|	100.0	76	0	0	1	76	734	659	1.7e-33	141.5
D4ZHLFP1.10.5336.49348.1	gi|9627507|ref|NC_001609.1|	100.0	73	0	0	1	73	578	506	7.5e-32	135.9
D4ZHLFP1.10.3917.51371.1	gi|9626243|ref|NC_001416.1|	100.0	57	0	0	1	57	5559	5503	4.6e-23	106.4
D4ZHLFP1.10.14070.57398.1	gi|209427726|ref|NC_011356.1|	100.0	62	0	0	1	62	7374	7313	8.2e-26	115.6
D4ZHLFP1.10.16131.59238.1	gi|148609382|ref|NC_009514.1|	100.0	72	0	0	1	72	1094	1023	2.6e-31	134.1
D4ZHLFP1.10.5160.59643.1	gi|31044225|ref|NC_004813.1|	100.0	78	0	0	1	78	5304	5381	1.3e-34	145.2
D4ZHLFP1.10.20672.60928.1	gi|19548987|ref|NC_003444.1|	100.0	60	0	0	2	61	256	197	1.1e-24	111.9
D4ZHLFP1.10.19653.62025.1	gi|148609382|ref|NC_009514.1|	100.0	50	0	0	2	51	4020	4069	3.2e-19	93.5
D4ZHLFP1.10.18577.66545.1	gi|9634155|ref|NC_002167.1|	100.0	84	0	0	1	84	5865	5948	6.7e-38	156.2
D4ZHLFP1.10.17898.66840.1	gi|9626243|ref|NC_001416.1|	100.0	75	0	0	1	75	5166	5240	5.9e-33	139.6
D4ZHLFP1.10.16231.68230.1	gi|148609382|ref|NC_009514.1|	100.0	69	0	0	1	69	5026	5094	1.2e-29	128.5
D4ZHLFP1.10.10500.70560.1	gi|148609382|ref|NC_009514.1|	100.0	76	0	0	1	76	3504	3429	1.7e-33	141.5
D4ZHLFP1.10.12536.80954.1	gi|221328618|ref|NC_011976.1|	100.0	75	0	0	1	75	1173	1247	5.9e-33	139.6
D4ZHLFP1.10.14949.81612.1	gi|19548987|ref|NC_003444.1|	100.0	56	0	0	1	56	2240	2185	1.6e-22	104.5
D4ZHLFP1.10.13256.91857.1	gi|209447126|ref|NC_011357.1|	100.0	66	0	0	1	66	4057	4122	5.2e-28	123.0
D4ZHLFP1.10.19363.94113.1	gi|200003956|ref|NC_011222.1|	100.0	65	0	0	9	73	5931	5995	2.1e-27	121.2
D4ZHLFP1.10.5763.95861.1	gi|148609382|ref|NC_009514.1|	100.0	60	0	0	2	61	525	584	1e-24	111.9
D4ZHLFP1.10.18170.97295.1	gi|255252682|ref|NC_013059.1|	100.0	55	0	0	1	55	7343	7397	5.7e-22	102.7
D4ZHLFP1.10.12236.99582.1	gi|9626243|ref|NC_001416.1|	100.0	58	0	0	1	58	5562	5505	1.3e-23	108.2
D4ZHLFP1.10.7739.100244.1	gi|46401626|ref|NC_005856.1|	100.0	65	0	0	2	66	814	878	1.9e-27	121.2
D4ZHLFP1.10.2328.106241.1	gi|9634119|ref|NC_002166.1|	100.0	72	0	0	1	72	2909	2838	2.6e-31	134.1
D4ZHLFP1.10.14972.107938.1	gi|148609382|ref|NC_009514.1|	100.0	68	0	0	1	68	2075	2008	4.2e-29	126.7
D4ZHLFP1.10.20358.108892.1	gi|148609382|ref|NC_009514.1|	100.0	70	0	0	1	70	224	155	3.3e-30	130.4
D4ZHLFP1.10.7588.110247.1	gi|9634119|ref|NC_002166.1|	100.0	61	0	0	1	61	2187	2127	2.9e-25	113.8
D4ZHLFP1.10.18511.114492.1	gi|148609382|ref|NC_009514.1|	100.0	54	0	0	4	57	4581	4634	2.2e-21	100.8
D4ZHLFP1.10.2636.114895.1	gi|9626243|ref|NC_001416.1|	100.0	59	0	0	1	59	2678	2620	4e-24	110.1
D4ZHLFP1.10.9649.117012.1	gi|19548987|ref|NC_003444.1|	100.0	76	0	0	1	76	5565	5490	1.7e-33	141.5
D4ZHLFP1.10.13020.126761.1	gi|148609382|ref|NC_009514.1|	100.0	63	0	0	1	63	674	612	2.3e-26	117.5
D4ZHLFP1.10.18769.128422.1	gi|9626243|ref|NC_001416.1|	100.0	72	0	0	1	72	658	729	2.6e-31	134.1
D4ZHLFP1.10.12671.132388.1	gi|148609382|ref|NC_009514.1|	100.0	75	0	0	1	75	4706	4632	5.9e-33	139.6
D4ZHLFP1.10.10289.132994.1	gi|41057278|ref|NC_005344.1|	100.0	72	0	0	1	72	221	292	2.6e-31	134.1
D4ZHLFP1.10.14502.141196.1	gi|148609382|ref|NC_009514.1|	100.0	67	0	0	1	67	6514	6448	1.5e-28	124.8
D4ZHLFP1.10.1717.142083.1	gi|9626243|ref|NC_001416.1|	100.0	68	0	0	1	68	4058	3991	4.2e-29	126.7
D4ZHLFP1.10.9075.143251.1	gi|148609382|ref|NC_009514.1|	100.0	64	0	0	1	64	1861	1798	6.6e-27	119.3
D4ZHLFP1.10.13055.143784.1	gi|155370093|ref|NC_007804.2|	100.0	64	0	0	1	64	1451	1388	6.6e-27	119.3
D4ZHLFP1.10.12039.144880.1	gi|148609382|ref|NC_009514.1|	100.0	69	0	0	1	69	3297	3229	1.2e-29	128.5
D4ZHLFP1.10.9134.149301.1	gi|9634119|ref|NC_002166.1|	100.0	66	0	0	1	66	2820	2755	5.2e-28	123.0
D4ZHLFP1.10.17007.150447.1	gi|46358648|ref|NC_005841.1|	100.0	61	0	0	2	62	1611	1551	3e-25	113.8
D4ZHLFP1.10.6163.153926.1	gi|148609382|ref|NC_009514.1|	100.0	60	0	0	2	61	1776	1835	1.1e-24	111.9
D4ZHLFP1.10.11089.153923.1	gi|46401626|ref|NC_005856.1|	100.0	61	0	0	1	61	1107	1167	2.9e-25	113.8
D4ZHLFP1.10.7673.155668.1	gi|148609382|ref|NC_009514.1|	100.0	64	0	0	1	64	1455	1392	6.6e-27	119.3
D4ZHLFP1.10.3568.158838.1	gi|148609382|ref|NC_009514.1|	100.0	62	0	0	1	62	1996	2057	8.2e-26	115.6
D4ZHLFP1.10.8110.159315.1	gi|155370093|ref|NC_007804.2|	100.0	74	0	0	2	75	4592	4519	2.1e-32	137.8
D4ZHLFP1.10.6935.161888.1	gi|148609382|ref|NC_009514.1|	100.0	63	0	0	1	63	898	836	2.3e-26	117.5
D4ZHLFP1.10.10161.163958.1	gi|148609382|ref|NC_009514.1|	100.0	71	0	0	1	71	2280	2210	9.4e-31	132.2
D4ZHLFP1.10.17644.165787.1	gi|302393080|ref|NC_004914.2|	100.0	68	0	0	1	68	6508	6575	4.2e-29	126.7
D4ZHLFP1.10.8267.171768.1	gi|9634119|ref|NC_002166.1|	100.0	64	0	0	1	64	2275	2212	6.6e-27	119.3
D4ZHLFP1.10.3481.172888.1	gi|46402086|ref|NC_005857.1|	100.0	69	0	0	1	69	3373	3441	1.2e-29	128.5
D4ZHLFP1.10.6876.173855.1	gi|9626243|ref|NC_001416.1|	100.0	64	0	0	2	65	167	230	6.7e-27	119.3
D4ZHLFP1.10.3846.174408.1	gi|46401626|ref|NC_005856.1|	100.0	66	0	0	2	67	832	897	5.3e-28	123.0
D4ZHLFP1.10.8814.176074.1	gi|155370093|ref|NC_007804.2|	100.0	77	0	0	1	77	3228	3152	4.7e-34	143.3
D4ZHLFP1.10.7709.178148.1	gi|9626243|ref|NC_001416.1|	100.0	74	0	0	1	74	3876	3803	2.1e-32	137.8
D4ZHLFP1.10.7885.179731.1	gi|46402086|ref|NC_005857.1|	100.0	72	0	0	1	72	4559	4630	2.6e-31	134.1
D4ZHLFP1.10.12904.180881.1	gi|46401626|ref|NC_005856.1|	100.0	76	0	0	1	76	489	564	1.7e-33	141.5
D4ZHLFP1.10.17336.181064.1	gi|9633396|ref|NC_000902.1|	100.0	68	0	0	1	68	3230	3163	4.2e-29	126.7
D4ZHLFP1.10.14978.188531.1	gi|221328618|ref|NC_011976.1|	100.0	64	0	0	1	64	929	992	6.6e-27	119.3
D4ZHLFP1.10.14925.194223.1	gi|46401626|ref|NC_005856.1|	100.0	72	0	0	2	73	606	677	2.7e-31	134.1
D4ZHLFP1.10.21296.196158.1	gi|148609382|ref|NC_009514.1|	100.0	78	0	0	1	78	2114	2191	1.3e-34	145.2
D4ZHLFP1.10.4907.197209.1	gi|9626243|ref|NC_001416.1|	100.0	68	0	0	3	70	2185	2252	4.3e-29	126.7
D4ZHLFP1.10.4634.7083.1	gi|209447126|ref|NC_011357.1|	100.0	61	0	0	1	61	2343	2403	2.9e-25	113.8
D4ZHLFP1.10.11409.10137.1	gi|9626243|ref|NC_001416.1|	100.0	68	0	0	1	68	7265	7198	4.2e-29	126.7
D4ZHLFP1.10.17607.12680.1	gi|155370093|ref|NC_007804.2|	100.0	58	0	0	1	58	2953	2896	1.3e-23	108.2
D4ZHLFP1.10.3127.13890.1	gi|155370093|ref|NC_007804.2|	100.0	80	0	0	1	80	6618	6539	1e-35	148.9
D4ZHLFP1.10.7375.15968.1	gi|41057278|ref|NC_005344.1|	100.0	67	0	0	1	67	483	549	1.5e-28	124.8
D4ZHLFP1.10.12404.17338.1	gi|9626243|ref|NC_001416.1|	100.0	75	0	0	1	75	2190	2264	5.9e-33	139.6
D4ZHLFP1.10.6168.18479.1	gi|209447126|ref|NC_011357.1|	100.0	70	0	0	1	70	2184	2253	3.3e-30	130.4
D4ZHLFP1.10.12569.18728.1	gi|9634119|ref|NC_002166.1|	100.0	72	0	0	1	72	3050	2979	2.6e-31	134.1
D4ZHLFP1.10.7534.19231.1	gi|46401626|ref|NC_005856.1|	100.0	84	0	0	1	84	1226	1309	6.6e-38	156.2
D4ZHLFP1.10.20424.22830.1	gi|148609382|ref|NC_009514.1|	100.0	53	0	0	3	55	1217	1269	7.6e-21	99.0
D4ZHLFP1.10.20428.23597.1	gi|148609382|ref|NC_009514.1|	100.0	64	0	0	1	64	4755	4692	6.6e-27	119.3
D4ZHLFP1.10.9202.24367.1	gi|9626243|ref|NC_001416.1|	100.0	66	0	0	1	66	2828	2893	5.2e-28	123.0
D4ZHLFP1.10.10370.25142.1	gi|19548987|ref|NC_003444.1|	100.0	70	0	0	1	70	5168	5237	3.3e-30	130.4
D4ZHLFP1.10.8138.25751.1	gi|155370093|ref|NC_007804.2|	100.0	62	0	0	1	62	6839	6900	8.2e-26	115.6
D4ZHLFP1.10.8285.33372.1	gi|31044225|ref|NC_004813.1|	100.0	55	0	0	1	55	2175	2121	5.8e-22	102.7
D4ZHLFP1.10.3264.34664.1	gi|155370093|ref|NC_007804.2|	100.0	79	0	0	1	79	7286	7208	3.8e-35	147.0
D4ZHLFP1.10.19206.35681.1	gi|9626243|ref|NC_001416.1|	100.0	78	0	0	1	78	4957	4880	1.3e-34	145.2
D4ZHLFP1.10.13751.39160.1	gi|209447126|ref|NC_011357.1|	100.0	71	0	0	2	72	2557	2627	9.5e-31	132.2
